DATE,TMAX,TMIN,PRCP,SNWD,SNOW
1991-09-01,317.0,61.0,20.0,0.0,0.0
1991-09-02,189.0,61.0,0.0,0.0,0.0
1991-09-03,206.0,78.0,0.0,0.0,0.0
1991-09-04,222.0,100.0,0.0,0.0,0.0
1991-09-05,206.0,111.0,69.0,0.0,0.0
1991-09-06,222.0,94.0,0.0,0.0,0.0
1991-09-07,228.0,94.0,0.0,0.0,0.0
1991-09-08,250.0,106.0,0.0,0.0,0.0
1991-09-09,272.0,117.0,0.0,0.0,0.0
1991-09-10,267.0,122.0,0.0,0.0,0.0
1991-09-11,194.0,156.0,76.0,0.0,0.0
1991-09-12,206.0,78.0,0.0,0.0,0.0
1991-09-13,217.0,67.0,0.0,0.0,0.0
1991-09-14,228.0,72.0,0.0,0.0,0.0
1991-09-15,261.0,139.0,0.0,0.0,0.0
1991-09-16,211.0,161.0,0.0,0.0,0.0
1991-09-17,294.0,189.0,69.0,0.0,0.0
1991-09-18,294.0,122.0,0.0,0.0,0.0
1991-09-19,250.0,106.0,704.0,0.0,0.0
1991-09-20,250.0,33.0,132.0,0.0,0.0
1991-09-21,250.0,17.0,0.0,0.0,0.0
1991-09-22,122.0,22.0,0.0,0.0,0.0
1991-09-23,167.0,33.0,0.0,0.0,0.0
1991-09-24,122.0,50.0,46.0,0.0,0.0
1991-09-25,167.0,44.0,127.0,0.0,0.0
1991-09-26,122.0,67.0,46.0,0.0,0.0
1991-09-27,144.0,17.0,41.0,0.0,0.0
1991-09-28,117.0,-6.0,0.0,0.0,0.0
1991-09-29,128.0,0.0,0.0,0.0,0.0
1991-09-30,161.0,-17.0,0.0,0.0,0.0
1991-10-01,,-17.0,0.0,0.0,0.0
1991-10-02,206.0,139.0,0.0,0.0,0.0
1991-10-03,233.0,133.0,0.0,0.0,0.0
1991-10-04,228.0,111.0,0.0,0.0,0.0
1991-10-05,206.0,117.0,0.0,0.0,0.0
1991-10-06,211.0,72.0,165.0,0.0,0.0
1991-10-07,128.0,-11.0,0.0,0.0,0.0
1991-10-08,83.0,-6.0,0.0,0.0,0.0
1991-10-09,133.0,22.0,0.0,0.0,0.0
1991-10-10,167.0,44.0,0.0,0.0,0.0
1991-10-11,183.0,61.0,0.0,0.0,0.0
1991-10-12,183.0,0.0,147.0,0.0,0.0
1991-10-13,183.0,0.0,0.0,0.0,0.0
1991-10-14,89.0,-33.0,0.0,0.0,0.0
1991-10-15,106.0,44.0,0.0,0.0,0.0
1991-10-16,156.0,44.0,173.0,0.0,0.0
1991-10-17,94.0,11.0,0.0,0.0,0.0
1991-10-18,94.0,11.0,132.0,0.0,0.0
1991-10-19,178.0,33.0,0.0,0.0,0.0
1991-10-20,139.0,-17.0,0.0,0.0,0.0
1991-10-21,78.0,-11.0,0.0,0.0,0.0
1991-10-22,94.0,0.0,0.0,0.0,0.0
1991-10-23,161.0,11.0,0.0,0.0,0.0
1991-10-24,206.0,100.0,0.0,0.0,0.0
1991-10-25,172.0,128.0,0.0,0.0,0.0
1991-10-26,178.0,133.0,0.0,0.0,0.0
1991-10-27,200.0,139.0,0.0,0.0,0.0
1991-10-28,206.0,44.0,0.0,0.0,0.0
1991-10-29,100.0,-17.0,0.0,0.0,0.0
1991-10-30,117.0,-17.0,0.0,0.0,0.0
1991-10-31,133.0,0.0,0.0,0.0,0.0
1991-11-01,128.0,28.0,0.0,0.0,0.0
1991-11-02,172.0,61.0,0.0,0.0,0.0
1991-11-03,117.0,-33.0,0.0,0.0,0.0
1991-11-04,50.0,-50.0,0.0,0.0,0.0
1991-11-05,6.0,-83.0,0.0,0.0,0.0
1991-11-06,6.0,-89.0,0.0,0.0,0.0
1991-11-07,44.0,-39.0,0.0,0.0,0.0
1991-11-08,44.0,-44.0,0.0,0.0,0.0
1991-11-09,-6.0,-83.0,0.0,0.0,0.0
1991-11-10,-6.0,-78.0,0.0,0.0,0.0
1991-11-11,33.0,-28.0,122.0,0.0,0.0
1991-11-12,0.0,-22.0,0.0,0.0,0.0
1991-11-13,17.0,-17.0,25.0,25.0,
1991-11-14,11.0,-6.0,0.0,,0.0
1991-11-15,89.0,0.0,0.0,0.0,0.0
1991-11-16,133.0,61.0,0.0,0.0,0.0
1991-11-17,,,,0.0,0.0
1991-11-18,94.0,-61.0,0.0,0.0,0.0
1991-11-19,72.0,-28.0,0.0,0.0,0.0
1991-11-20,150.0,28.0,0.0,0.0,0.0
1991-11-21,178.0,89.0,0.0,0.0,0.0
1991-11-22,144.0,83.0,246.0,0.0,0.0
1991-11-23,106.0,67.0,284.0,0.0,0.0
1991-11-24,94.0,67.0,10.0,0.0,0.0
1991-11-25,94.0,-50.0,0.0,0.0,0.0
1991-11-26,-33.0,-61.0,13.0,,
1991-11-27,-17.0,-89.0,0.0,,0.0
1991-11-28,6.0,-89.0,0.0,,0.0
1991-11-29,78.0,6.0,8.0,0.0,0.0
1991-11-30,128.0,78.0,0.0,0.0,0.0
1991-12-01,133.0,67.0,5.0,0.0,0.0
1991-12-02,67.0,28.0,0.0,0.0,0.0
1991-12-03,28.0,-6.0,465.0,0.0,0.0
1991-12-04,78.0,-22.0,53.0,0.0,0.0
1991-12-05,-22.0,-117.0,38.0,,51.0
1991-12-06,-22.0,-122.0,15.0,,25.0
1991-12-07,17.0,-83.0,0.0,,0.0
1991-12-08,67.0,11.0,0.0,0.0,0.0
1991-12-09,106.0,11.0,0.0,0.0,0.0
1991-12-10,111.0,-6.0,0.0,0.0,0.0
1991-12-11,50.0,-6.0,0.0,0.0,0.0
1991-12-12,56.0,0.0,0.0,0.0,0.0
1991-12-13,78.0,6.0,33.0,0.0,0.0
1991-12-14,100.0,61.0,104.0,0.0,0.0
1991-12-15,106.0,-50.0,15.0,0.0,0.0
1991-12-16,-22.0,-94.0,8.0,0.0,
1991-12-17,-78.0,-139.0,13.0,25.0,
1991-12-18,-39.0,-139.0,13.0,25.0,
1991-12-19,-50.0,-156.0,0.0,25.0,0.0
1991-12-20,-83.0,-156.0,0.0,25.0,0.0
1991-12-21,0.0,-156.0,0.0,,0.0
1991-12-22,22.0,-44.0,0.0,,0.0
1991-12-23,33.0,-44.0,0.0,0.0,0.0
1991-12-24,22.0,-50.0,64.0,0.0,0.0
1991-12-25,-22.0,-83.0,0.0,,0.0
1991-12-26,6.0,-100.0,0.0,,0.0
1991-12-27,0.0,-89.0,0.0,,0.0
1991-12-28,17.0,-67.0,0.0,,0.0
1991-12-29,67.0,-67.0,109.0,0.0,0.0
1991-12-30,56.0,-44.0,89.0,,25.0
1991-12-31,-44.0,-117.0,0.0,,0.0
1992-01-01,-11.0,-122.0,0.0,0.0,0.0
1992-01-02,0.0,-122.0,0.0,0.0,0.0
1992-01-03,44.0,-22.0,13.0,0.0,0.0
1992-01-04,78.0,28.0,0.0,0.0,0.0
1992-01-05,78.0,17.0,135.0,0.0,0.0
1992-01-06,17.0,-17.0,0.0,0.0,0.0
1992-01-07,0.0,-17.0,0.0,0.0,0.0
1992-01-08,0.0,-72.0,0.0,0.0,0.0
1992-01-09,17.0,-72.0,0.0,0.0,0.0
1992-01-10,17.0,-6.0,64.0,0.0,0.0
1992-01-11,6.0,-56.0,33.0,0.0,0.0
1992-01-12,-28.0,-50.0,66.0,,
1992-01-13,39.0,-50.0,0.0,0.0,0.0
1992-01-14,94.0,22.0,18.0,0.0,0.0
1992-01-15,111.0,-122.0,165.0,0.0,0.0
1992-01-16,-72.0,-161.0,30.0,76.0,
1992-01-17,-72.0,-183.0,0.0,76.0,0.0
1992-01-18,-39.0,-150.0,0.0,,0.0
1992-01-19,-78.0,-194.0,0.0,,0.0
1992-01-20,-117.0,-189.0,25.0,,
1992-01-21,-67.0,-194.0,13.0,102.0,
1992-01-22,-28.0,-94.0,0.0,,0.0
1992-01-23,6.0,-94.0,0.0,,0.0
1992-01-24,67.0,-28.0,76.0,0.0,
1992-01-25,-28.0,-117.0,0.0,0.0,0.0
1992-01-26,-78.0,-128.0,28.0,25.0,
1992-01-27,-61.0,-128.0,0.0,25.0,0.0
1992-01-28,-33.0,-78.0,0.0,25.0,0.0
1992-01-29,11.0,-44.0,0.0,0.0,0.0
1992-01-30,44.0,-67.0,0.0,0.0,0.0
1992-01-31,11.0,-67.0,0.0,0.0,0.0
1992-02-01,22.0,-78.0,102.0,25.0,
1992-02-02,6.0,-128.0,15.0,25.0,0.0
1992-02-03,-39.0,-122.0,,,8.0
1992-02-04,0.0,-83.0,0.0,,0.0
1992-02-05,11.0,-83.0,0.0,0.0,0.0
1992-02-06,-39.0,-111.0,0.0,0.0,0.0
1992-02-07,0.0,-111.0,0.0,0.0,0.0
1992-02-08,-11.0,-61.0,0.0,0.0,0.0
1992-02-09,-6.0,-139.0,10.0,,8.0
1992-02-10,-83.0,-183.0,0.0,,0.0
1992-02-11,-50.0,-189.0,0.0,0.0,0.0
1992-02-12,-11.0,-194.0,25.0,,13.0
1992-02-13,-94.0,-150.0,,,13.0
1992-02-14,-44.0,-100.0,46.0,51.0,38.0
1992-02-15,6.0,-50.0,0.0,,0.0
1992-02-16,50.0,-6.0,112.0,,0.0
1992-02-17,33.0,-61.0,0.0,,0.0
1992-02-18,67.0,-61.0,0.0,,0.0
1992-02-19,44.0,6.0,28.0,0.0,0.0
1992-02-20,50.0,11.0,0.0,0.0,0.0
1992-02-21,17.0,-17.0,0.0,0.0,0.0
1992-02-22,50.0,-44.0,0.0,0.0,0.0
1992-02-23,67.0,-17.0,0.0,0.0,0.0
1992-02-24,72.0,-6.0,0.0,0.0,0.0
1992-02-25,11.0,-22.0,99.0,0.0,
1992-02-26,-6.0,-22.0,48.0,,13.0
1992-02-27,-11.0,-39.0,0.0,,
1992-02-28,6.0,-39.0,15.0,51.0,25.0
1992-02-29,61.0,-133.0,10.0,,0.0
1992-03-01,-83.0,-139.0,0.0,,0.0
1992-03-02,94.0,-83.0,97.0,0.0,0.0
1992-03-03,83.0,-17.0,0.0,0.0,0.0
1992-03-04,39.0,-33.0,0.0,0.0,0.0
1992-03-05,33.0,0.0,0.0,0.0,0.0
1992-03-06,172.0,6.0,0.0,0.0,0.0
1992-03-07,78.0,6.0,61.0,0.0,0.0
1992-03-08,78.0,44.0,74.0,0.0,0.0
1992-03-09,78.0,56.0,10.0,0.0,0.0
1992-03-10,128.0,56.0,0.0,0.0,0.0
1992-03-11,117.0,-44.0,419.0,0.0,0.0
1992-03-12,-44.0,-133.0,109.0,,51.0
1992-03-13,-39.0,-144.0,,,51.0
1992-03-14,-44.0,-139.0,0.0,,0.0
1992-03-15,-22.0,-122.0,0.0,,0.0
1992-03-16,-22.0,-161.0,0.0,,0.0
1992-03-17,-28.0,-156.0,0.0,,0.0
1992-03-18,11.0,-89.0,0.0,0.0,0.0
1992-03-19,17.0,-83.0,43.0,51.0,
1992-03-20,-22.0,-106.0,48.0,76.0,
1992-03-21,6.0,-89.0,0.0,,0.0
1992-03-22,-33.0,-100.0,0.0,,0.0
1992-03-23,-44.0,-94.0,71.0,102.0,
1992-03-24,-28.0,-117.0,,127.0,
1992-03-25,22.0,-106.0,0.0,0.0,0.0
1992-03-26,89.0,-6.0,13.0,0.0,
1992-03-27,56.0,0.0,305.0,0.0,0.0
1992-03-28,28.0,-50.0,64.0,51.0,
1992-03-29,28.0,-50.0,0.0,,0.0
1992-03-30,72.0,-33.0,0.0,,0.0
1992-03-31,33.0,-6.0,56.0,0.0,
1992-04-01,78.0,-6.0,0.0,0.0,0.0
1992-04-02,56.0,-56.0,0.0,0.0,0.0
1992-04-03,-17.0,-72.0,48.0,51.0,
1992-04-04,-11.0,-67.0,0.0,0.0,0.0
1992-04-05,39.0,-39.0,0.0,0.0,0.0
1992-04-06,61.0,-39.0,0.0,0.0,0.0
1992-04-07,89.0,-28.0,0.0,0.0,0.0
1992-04-08,156.0,17.0,23.0,0.0,0.0
1992-04-09,94.0,6.0,0.0,0.0,0.0
1992-04-10,106.0,28.0,30.0,0.0,0.0
1992-04-11,156.0,28.0,51.0,0.0,0.0
1992-04-12,139.0,78.0,140.0,0.0,0.0
1992-04-13,94.0,-72.0,0.0,0.0,0.0
1992-04-14,39.0,-72.0,0.0,0.0,0.0
1992-04-15,117.0,-39.0,0.0,0.0,0.0
1992-04-16,100.0,-33.0,0.0,0.0,0.0
1992-04-17,67.0,22.0,38.0,0.0,0.0
1992-04-18,133.0,17.0,66.0,0.0,0.0
1992-04-19,133.0,17.0,41.0,0.0,0.0
1992-04-20,133.0,33.0,5.0,0.0,0.0
1992-04-21,128.0,67.0,0.0,0.0,0.0
1992-04-22,167.0,128.0,163.0,0.0,0.0
1992-04-23,183.0,72.0,0.0,0.0,0.0
1992-04-24,194.0,94.0,0.0,0.0,0.0
1992-04-25,200.0,44.0,91.0,0.0,0.0
1992-04-26,94.0,28.0,13.0,0.0,0.0
1992-04-27,72.0,22.0,20.0,0.0,0.0
1992-04-28,117.0,28.0,0.0,0.0,0.0
1992-04-29,117.0,0.0,0.0,0.0,0.0
1992-04-30,150.0,0.0,0.0,0.0,0.0
1992-05-01,100.0,61.0,20.0,0.0,0.0
1992-05-02,150.0,61.0,13.0,0.0,0.0
1992-05-03,267.0,83.0,178.0,0.0,0.0
1992-05-04,172.0,28.0,8.0,0.0,0.0
1992-05-05,117.0,11.0,0.0,0.0,0.0
1992-05-06,117.0,11.0,20.0,0.0,0.0
1992-05-07,94.0,0.0,0.0,0.0,0.0
1992-05-08,150.0,22.0,0.0,0.0,0.0
1992-05-09,133.0,78.0,127.0,0.0,0.0
1992-05-10,156.0,39.0,10.0,0.0,0.0
1992-05-11,194.0,44.0,0.0,0.0,0.0
1992-05-12,233.0,83.0,0.0,0.0,0.0
1992-05-13,233.0,100.0,0.0,0.0,0.0
1992-05-14,239.0,72.0,155.0,0.0,0.0
1992-05-15,239.0,72.0,0.0,0.0,0.0
1992-05-16,183.0,89.0,36.0,0.0,0.0
1992-05-17,167.0,100.0,0.0,0.0,0.0
1992-05-18,161.0,111.0,15.0,0.0,0.0
1992-05-19,183.0,39.0,20.0,0.0,0.0
1992-05-20,211.0,39.0,0.0,0.0,0.0
1992-05-21,239.0,67.0,0.0,0.0,0.0
1992-05-22,267.0,67.0,0.0,0.0,0.0
1992-05-23,294.0,128.0,0.0,0.0,0.0
1992-05-24,278.0,78.0,0.0,0.0,0.0
1992-05-25,89.0,6.0,76.0,0.0,0.0
1992-05-26,139.0,11.0,0.0,0.0,0.0
1992-05-27,139.0,39.0,51.0,0.0,0.0
1992-05-28,117.0,22.0,0.0,0.0,0.0
1992-05-29,156.0,33.0,0.0,0.0,0.0
1992-05-30,194.0,78.0,0.0,0.0,0.0
1992-05-31,133.0,78.0,401.0,0.0,0.0
1992-06-01,178.0,106.0,18.0,0.0,0.0
1992-06-02,122.0,106.0,38.0,0.0,0.0
1992-06-03,211.0,94.0,0.0,0.0,0.0
1992-06-04,233.0,122.0,0.0,0.0,0.0
1992-06-05,228.0,139.0,25.0,0.0,0.0
1992-06-06,228.0,139.0,124.0,0.0,0.0
1992-06-07,217.0,144.0,10.0,0.0,0.0
1992-06-08,239.0,161.0,0.0,0.0,0.0
1992-06-09,256.0,106.0,56.0,0.0,0.0
1992-06-10,206.0,67.0,0.0,0.0,0.0
1992-06-11,217.0,83.0,0.0,0.0,0.0
1992-06-12,228.0,94.0,0.0,0.0,0.0
1992-06-13,244.0,128.0,0.0,0.0,0.0
1992-06-14,256.0,139.0,0.0,0.0,0.0
1992-06-15,267.0,128.0,0.0,0.0,0.0
1992-06-16,206.0,72.0,0.0,0.0,0.0
1992-06-17,228.0,83.0,0.0,0.0,0.0
1992-06-18,233.0,144.0,0.0,0.0,0.0
1992-06-19,200.0,144.0,64.0,0.0,0.0
1992-06-20,211.0,128.0,81.0,0.0,0.0
1992-06-21,144.0,72.0,15.0,0.0,0.0
1992-06-22,117.0,50.0,10.0,0.0,0.0
1992-06-23,139.0,44.0,0.0,0.0,0.0
1992-06-24,189.0,67.0,43.0,0.0,0.0
1992-06-25,194.0,89.0,0.0,0.0,0.0
1992-06-26,206.0,106.0,0.0,0.0,0.0
1992-06-27,228.0,117.0,51.0,0.0,0.0
1992-06-28,228.0,94.0,0.0,0.0,0.0
1992-06-29,233.0,111.0,0.0,0.0,0.0
1992-06-30,256.0,144.0,0.0,0.0,0.0
1992-07-01,272.0,144.0,0.0,0.0,0.0
1992-07-02,267.0,106.0,0.0,0.0,0.0
1992-07-03,244.0,133.0,0.0,0.0,0.0
1992-07-04,156.0,122.0,58.0,0.0,0.0
1992-07-05,239.0,133.0,0.0,0.0,0.0
1992-07-06,228.0,117.0,267.0,0.0,0.0
1992-07-07,217.0,89.0,0.0,0.0,0.0
1992-07-08,228.0,89.0,0.0,0.0,0.0
1992-07-09,233.0,133.0,203.0,0.0,0.0
1992-07-10,283.0,156.0,0.0,0.0,0.0
1992-07-11,256.0,167.0,0.0,0.0,0.0
1992-07-12,256.0,156.0,0.0,0.0,0.0
1992-07-13,217.0,172.0,51.0,0.0,0.0
1992-07-14,256.0,167.0,119.0,0.0,0.0
1992-07-15,289.0,178.0,0.0,0.0,0.0
1992-07-16,239.0,161.0,249.0,0.0,0.0
1992-07-17,228.0,161.0,0.0,0.0,0.0
1992-07-18,233.0,200.0,239.0,0.0,0.0
1992-07-19,250.0,144.0,0.0,0.0,0.0
1992-07-20,244.0,144.0,0.0,0.0,0.0
1992-07-21,261.0,161.0,64.0,0.0,0.0
1992-07-22,189.0,100.0,13.0,0.0,0.0
1992-07-23,228.0,111.0,28.0,0.0,0.0
1992-07-24,183.0,139.0,102.0,0.0,0.0
1992-07-25,189.0,128.0,23.0,0.0,0.0
1992-07-26,200.0,133.0,0.0,0.0,0.0
1992-07-27,189.0,156.0,114.0,0.0,0.0
1992-07-28,250.0,100.0,0.0,0.0,0.0
1992-07-29,183.0,111.0,0.0,0.0,0.0
1992-07-30,256.0,144.0,0.0,0.0,0.0
1992-07-31,217.0,150.0,229.0,0.0,0.0
1992-08-01,244.0,106.0,102.0,0.0,0.0
1992-08-02,222.0,111.0,0.0,0.0,0.0
1992-08-03,228.0,139.0,0.0,0.0,0.0
1992-08-04,239.0,150.0,8.0,0.0,0.0
1992-08-05,217.0,106.0,18.0,0.0,0.0
1992-08-06,206.0,94.0,0.0,0.0,0.0
1992-08-07,228.0,106.0,0.0,0.0,0.0
1992-08-08,239.0,111.0,0.0,0.0,0.0
1992-08-09,189.0,144.0,356.0,0.0,0.0
1992-08-10,228.0,144.0,0.0,0.0,0.0
1992-08-11,250.0,167.0,0.0,0.0,0.0
1992-08-12,256.0,111.0,0.0,0.0,0.0
1992-08-13,211.0,111.0,0.0,0.0,0.0
1992-08-14,183.0,122.0,56.0,0.0,0.0
1992-08-15,156.0,122.0,0.0,0.0,0.0
1992-08-16,189.0,122.0,0.0,0.0,0.0
1992-08-17,172.0,128.0,10.0,0.0,0.0
1992-08-18,200.0,150.0,8.0,0.0,0.0
1992-08-19,228.0,133.0,0.0,0.0,0.0
1992-08-20,211.0,89.0,0.0,0.0,0.0
1992-08-21,194.0,67.0,0.0,0.0,0.0
1992-08-22,,,0.0,0.0,0.0
1992-08-23,244.0,67.0,0.0,0.0,0.0
1992-08-24,256.0,111.0,0.0,0.0,0.0
1992-08-25,250.0,144.0,0.0,0.0,0.0
1992-08-26,272.0,172.0,147.0,0.0,0.0
1992-08-27,278.0,172.0,0.0,0.0,0.0
1992-08-28,278.0,178.0,41.0,0.0,0.0
1992-08-29,256.0,106.0,312.0,0.0,0.0
1992-08-30,167.0,83.0,0.0,0.0,0.0
1992-08-31,211.0,94.0,0.0,0.0,0.0
1992-09-01,217.0,78.0,0.0,0.0,0.0
1992-09-02,206.0,72.0,0.0,0.0,0.0
1992-09-03,206.0,78.0,0.0,0.0,0.0
1992-09-04,194.0,161.0,30.0,0.0,0.0
1992-09-05,233.0,117.0,0.0,0.0,0.0
1992-09-06,233.0,117.0,0.0,0.0,0.0
1992-09-07,156.0,139.0,23.0,0.0,0.0
1992-09-08,189.0,156.0,0.0,0.0,0.0
1992-09-09,228.0,167.0,43.0,0.0,0.0
1992-09-10,233.0,161.0,0.0,0.0,0.0
1992-09-11,,,356.0,0.0,0.0
1992-09-12,,,0.0,0.0,0.0
1992-09-13,,,0.0,0.0,0.0
1992-09-14,,,0.0,0.0,0.0
1992-09-15,,,0.0,0.0,0.0
1992-09-16,,,0.0,0.0,0.0
1992-09-17,,,0.0,0.0,0.0
1992-09-18,,,0.0,0.0,0.0
1992-09-19,,,28.0,0.0,0.0
1992-09-20,,,0.0,0.0,0.0
1992-09-21,,,0.0,0.0,0.0
1992-09-22,,,102.0,0.0,0.0
1992-09-23,206.0,83.0,224.0,0.0,0.0
1992-09-24,106.0,-6.0,0.0,0.0,0.0
1992-09-25,139.0,0.0,0.0,0.0,0.0
1992-09-26,167.0,0.0,292.0,0.0,0.0
1992-09-27,144.0,106.0,51.0,0.0,0.0
1992-09-28,172.0,78.0,30.0,0.0,0.0
1992-09-29,178.0,44.0,0.0,0.0,0.0
1992-09-30,100.0,6.0,0.0,0.0,0.0
1992-10-01,67.0,-6.0,0.0,0.0,0.0
1992-10-02,117.0,6.0,0.0,0.0,0.0
1992-10-03,172.0,61.0,0.0,0.0,0.0
1992-10-04,211.0,61.0,0.0,0.0,0.0
1992-10-05,128.0,-6.0,0.0,0.0,0.0
1992-10-06,106.0,-28.0,0.0,0.0,0.0
1992-10-07,139.0,-28.0,0.0,0.0,0.0
1992-10-08,156.0,17.0,0.0,0.0,0.0
1992-10-09,167.0,56.0,15.0,0.0,0.0
1992-10-10,,,605.0,0.0,0.0
1992-10-11,,,25.0,0.0,0.0
1992-10-12,,,23.0,0.0,0.0
1992-10-13,,,0.0,0.0,0.0
1992-10-14,,,0.0,0.0,0.0
1992-10-15,106.0,67.0,76.0,0.0,0.0
1992-10-16,200.0,89.0,0.0,0.0,0.0
1992-10-17,194.0,22.0,13.0,0.0,0.0
1992-10-18,72.0,-17.0,0.0,0.0,0.0
1992-10-19,61.0,-6.0,66.0,0.0,0.0
1992-10-20,22.0,-72.0,0.0,0.0,0.0
1992-10-21,33.0,-67.0,0.0,0.0,0.0
1992-10-22,67.0,17.0,0.0,0.0,0.0
1992-10-23,78.0,-6.0,0.0,0.0,0.0
1992-10-24,133.0,-6.0,10.0,0.0,0.0
1992-10-25,117.0,11.0,51.0,0.0,0.0
1992-10-26,39.0,-33.0,0.0,0.0,0.0
1992-10-27,106.0,-22.0,0.0,0.0,0.0
1992-10-28,100.0,-17.0,0.0,0.0,0.0
1992-10-29,117.0,-6.0,15.0,0.0,0.0
1992-10-30,117.0,-6.0,33.0,0.0,0.0
1992-10-31,33.0,6.0,0.0,0.0,0.0
1992-11-01,33.0,-22.0,0.0,0.0,0.0
1992-11-02,28.0,-22.0,13.0,0.0,0.0
1992-11-03,89.0,0.0,254.0,0.0,0.0
1992-11-04,150.0,72.0,0.0,0.0,0.0
1992-11-05,128.0,28.0,0.0,0.0,0.0
1992-11-06,39.0,-6.0,89.0,25.0,
1992-11-07,39.0,-39.0,0.0,0.0,0.0
1992-11-08,-11.0,-89.0,0.0,0.0,0.0
1992-11-09,-11.0,-89.0,0.0,0.0,0.0
1992-11-10,-11.0,-78.0,0.0,0.0,0.0
1992-11-11,67.0,6.0,0.0,0.0,0.0
1992-11-12,89.0,39.0,76.0,0.0,0.0
1992-11-13,144.0,17.0,351.0,0.0,0.0
1992-11-14,56.0,-44.0,0.0,0.0,0.0
1992-11-15,6.0,-67.0,0.0,0.0,0.0
1992-11-16,-17.0,-78.0,0.0,0.0,
1992-11-17,-11.0,-83.0,0.0,0.0,0.0
1992-11-18,33.0,-11.0,8.0,0.0,0.0
1992-11-19,0.0,-61.0,0.0,0.0,0.0
1992-11-20,22.0,-56.0,0.0,0.0,0.0
1992-11-21,33.0,-56.0,0.0,0.0,0.0
1992-11-22,111.0,33.0,305.0,0.0,0.0
1992-11-23,156.0,106.0,340.0,0.0,0.0
1992-11-24,133.0,39.0,0.0,0.0,0.0
1992-11-25,72.0,39.0,58.0,0.0,0.0
1992-11-26,94.0,56.0,8.0,0.0,0.0
1992-11-27,100.0,17.0,10.0,0.0,0.0
1992-11-28,33.0,6.0,0.0,0.0,0.0
1992-11-29,39.0,-17.0,0.0,0.0,0.0
1992-11-30,11.0,-22.0,18.0,0.0,0.0
1993-01-01,117.0,-22.0,15.0,0.0,0.0
1993-01-02,-22.0,-83.0,0.0,,0.0
1993-01-03,-39.0,-83.0,0.0,,0.0
1993-01-04,11.0,-33.0,0.0,,0.0
1993-01-05,117.0,6.0,376.0,,0.0
1993-01-06,117.0,-11.0,0.0,,0.0
1993-01-07,0.0,-44.0,0.0,,0.0
1993-01-08,0.0,-39.0,0.0,,0.0
1993-01-09,-11.0,-89.0,0.0,,0.0
1993-01-10,-72.0,-106.0,0.0,,0.0
1993-01-11,-56.0,-94.0,33.0,,25.0
1993-01-12,0.0,-67.0,51.0,51.0,13.0
1993-01-13,11.0,-6.0,107.0,0.0,0.0
1993-01-14,17.0,-22.0,51.0,0.0,0.0
1993-01-15,-22.0,-44.0,0.0,0.0,0.0
1993-01-16,-22.0,-56.0,0.0,0.0,0.0
1993-01-17,-28.0,-56.0,0.0,0.0,0.0
1993-01-18,-22.0,-94.0,25.0,,13.0
1993-01-19,-50.0,-139.0,0.0,,0.0
1993-01-20,-28.0,-122.0,0.0,,0.0
1993-01-21,28.0,-94.0,0.0,0.0,0.0
1993-01-22,33.0,-39.0,99.0,0.0,0.0
1993-01-23,28.0,-6.0,0.0,0.0,0.0
1993-01-24,33.0,-17.0,0.0,0.0,0.0
1993-01-25,56.0,-61.0,114.0,0.0,0.0
1993-01-26,-28.0,-122.0,0.0,0.0,0.0
1993-01-27,-22.0,-122.0,0.0,0.0,0.0
1993-01-28,-11.0,-78.0,0.0,0.0,0.0
1993-01-29,-11.0,-83.0,10.0,,33.0
1993-01-30,-39.0,-122.0,0.0,,
1993-01-31,-28.0,-94.0,15.0,,8.0
1993-02-01,17.0,-133.0,18.0,25.0,
1993-02-02,-133.0,-183.0,0.0,0.0,0.0
1993-02-03,-67.0,-183.0,0.0,25.0,0.0
1993-02-04,61.0,-67.0,0.0,0.0,0.0
1993-02-05,-17.0,-72.0,0.0,0.0,0.0
1993-02-06,61.0,-150.0,8.0,,13.0
1993-02-07,-100.0,-150.0,0.0,0.0,0.0
1993-02-08,-61.0,-167.0,0.0,0.0,0.0
1993-02-09,-11.0,-144.0,0.0,0.0,0.0
1993-02-10,11.0,-144.0,0.0,0.0,0.0
1993-02-11,78.0,-44.0,0.0,0.0,0.0
1993-02-12,-11.0,-61.0,0.0,0.0,0.0
1993-02-13,-39.0,-78.0,76.0,51.0,38.0
1993-02-14,-28.0,-89.0,178.0,,102.0
1993-02-15,-17.0,-94.0,0.0,127.0,0.0
1993-02-16,0.0,-67.0,46.0,203.0,76.0
1993-02-17,6.0,-50.0,160.0,432.0,305.0
1993-02-18,-44.0,-144.0,0.0,508.0,0.0
1993-02-19,-94.0,-222.0,0.0,508.0,0.0
1993-02-20,-106.0,-222.0,0.0,508.0,0.0
1993-02-21,-67.0,-150.0,0.0,508.0,0.0
1993-02-22,-6.0,-150.0,127.0,584.0,76.0
1993-02-23,28.0,-83.0,0.0,,0.0
1993-02-24,-61.0,-150.0,8.0,457.0,25.0
1993-02-25,-100.0,-172.0,,,5.0
1993-02-26,-78.0,-172.0,0.0,457.0,0.0
1993-02-27,-50.0,-150.0,23.0,483.0,23.0
1993-02-28,-33.0,-150.0,0.0,330.0,0.0
1993-03-01,-33.0,-150.0,,,
1993-03-02,17.0,-117.0,,,
1993-03-03,78.0,-28.0,,,
1993-03-04,50.0,-28.0,,,
1993-03-05,6.0,-22.0,312.0,508.0,229.0
1993-03-06,6.0,-39.0,74.0,584.0,102.0
1993-03-07,0.0,-83.0,0.0,508.0,0.0
1993-03-08,39.0,-83.0,0.0,508.0,0.0
1993-03-09,50.0,-17.0,89.0,533.0,13.0
1993-03-10,22.0,-78.0,0.0,483.0,0.0
1993-03-11,-6.0,-72.0,51.0,533.0,51.0
1993-03-12,-11.0,-106.0,0.0,533.0,0.0
1993-03-13,-61.0,-106.0,33.0,584.0,53.0
1993-03-14,-50.0,-144.0,914.0,,762.0
1993-03-15,-94.0,-172.0,0.0,,0.0
1993-03-16,-50.0,-161.0,0.0,,0.0
1993-03-17,39.0,-56.0,274.0,864.0,64.0
1993-03-18,28.0,-189.0,86.0,914.0,51.0
1993-03-19,-94.0,-206.0,0.0,864.0,0.0
1993-03-20,-11.0,-189.0,0.0,813.0,0.0
1993-03-21,-6.0,-61.0,51.0,864.0,51.0
1993-03-22,61.0,-17.0,0.0,559.0,0.0
1993-03-23,44.0,-61.0,0.0,533.0,0.0
1993-03-24,11.0,-11.0,193.0,457.0,0.0
1993-03-25,44.0,0.0,0.0,406.0,0.0
1993-03-26,28.0,-33.0,0.0,406.0,0.0
1993-03-27,117.0,-11.0,0.0,356.0,0.0
1993-03-28,139.0,28.0,15.0,279.0,0.0
1993-03-29,122.0,56.0,8.0,178.0,0.0
1993-03-30,72.0,22.0,76.0,102.0,0.0
1993-03-31,117.0,0.0,0.0,51.0,0.0
1993-04-01,150.0,28.0,191.0,0.0,0.0
1993-04-02,72.0,22.0,147.0,0.0,0.0
1993-04-03,50.0,-22.0,15.0,0.0,0.0
1993-04-04,11.0,-28.0,0.0,0.0,0.0
1993-04-05,11.0,-33.0,0.0,0.0,0.0
1993-04-06,94.0,-22.0,0.0,0.0,0.0
1993-04-07,106.0,-11.0,0.0,0.0,0.0
1993-04-08,133.0,-6.0,0.0,0.0,0.0
1993-04-09,167.0,28.0,0.0,0.0,0.0
1993-04-10,150.0,67.0,91.0,0.0,0.0
1993-04-11,94.0,0.0,541.0,,25.0
1993-04-12,78.0,-11.0,0.0,,0.0
1993-04-13,17.0,-22.0,15.0,,8.0
1993-04-14,83.0,-17.0,0.0,0.0,0.0
1993-04-15,128.0,-6.0,0.0,0.0,0.0
1993-04-16,150.0,83.0,0.0,0.0,0.0
1993-04-17,117.0,22.0,384.0,0.0,0.0
1993-04-18,78.0,-6.0,185.0,0.0,0.0
1993-04-19,128.0,0.0,0.0,0.0,0.0
1993-04-20,189.0,78.0,0.0,0.0,0.0
1993-04-21,211.0,106.0,33.0,0.0,0.0
1993-04-22,122.0,-17.0,229.0,127.0,
1993-04-23,-6.0,-17.0,71.0,178.0,51.0
1993-04-24,117.0,-6.0,0.0,,0.0
1993-04-25,139.0,-6.0,0.0,,0.0
1993-04-26,222.0,-6.0,30.0,0.0,0.0
1993-04-27,61.0,-33.0,203.0,25.0,13.0
1993-04-28,111.0,-22.0,0.0,0.0,0.0
1993-04-29,178.0,22.0,0.0,0.0,0.0
1993-04-30,217.0,100.0,0.0,0.0,0.0
1993-05-01,211.0,94.0,0.0,0.0,0.0
1993-05-02,217.0,61.0,0.0,0.0,0.0
1993-05-03,244.0,72.0,0.0,0.0,0.0
1993-05-04,200.0,100.0,0.0,0.0,0.0
1993-05-05,178.0,111.0,91.0,0.0,0.0
1993-05-06,172.0,111.0,310.0,0.0,0.0
1993-05-07,211.0,72.0,0.0,0.0,0.0
1993-05-08,183.0,33.0,0.0,0.0,0.0
1993-05-09,228.0,100.0,0.0,0.0,0.0
1993-05-10,261.0,111.0,0.0,0.0,0.0
1993-05-11,278.0,111.0,0.0,0.0,0.0
1993-05-12,283.0,122.0,0.0,0.0,0.0
1993-05-13,256.0,56.0,0.0,0.0,0.0
1993-05-14,133.0,11.0,0.0,0.0,0.0
1993-05-15,178.0,39.0,0.0,0.0,0.0
1993-05-16,222.0,117.0,0.0,0.0,0.0
1993-05-17,139.0,22.0,0.0,0.0,0.0
1993-05-18,167.0,44.0,0.0,0.0,0.0
1993-05-19,161.0,78.0,25.0,0.0,0.0
1993-05-20,106.0,61.0,0.0,0.0,0.0
1993-05-21,128.0,,0.0,0.0,0.0
1993-05-22,189.0,39.0,0.0,0.0,0.0
1993-05-23,150.0,28.0,0.0,0.0,0.0
1993-05-24,206.0,72.0,15.0,0.0,0.0
1993-05-25,217.0,128.0,8.0,0.0,0.0
1993-05-26,217.0,83.0,0.0,0.0,0.0
1993-05-27,189.0,83.0,0.0,0.0,0.0
1993-05-28,194.0,89.0,0.0,0.0,0.0
1993-05-29,256.0,89.0,18.0,0.0,0.0
1993-05-30,161.0,33.0,0.0,0.0,0.0
1993-05-31,194.0,67.0,0.0,0.0,0.0
1993-06-01,144.0,61.0,130.0,0.0,0.0
1993-06-02,150.0,28.0,0.0,0.0,0.0
1993-06-03,172.0,56.0,0.0,0.0,0.0
1993-06-04,183.0,83.0,36.0,0.0,0.0
1993-06-05,178.0,83.0,0.0,0.0,0.0
1993-06-06,156.0,89.0,25.0,0.0,0.0
1993-06-07,189.0,78.0,0.0,0.0,0.0
1993-06-08,206.0,94.0,0.0,0.0,0.0
1993-06-09,,,157.0,0.0,0.0
1993-06-10,,,122.0,0.0,0.0
1993-06-11,,,,0.0,0.0
1993-06-12,,,,0.0,0.0
1993-06-13,,,,0.0,0.0
1993-06-14,,,,0.0,0.0
1993-06-15,,,,0.0,0.0
1993-06-16,,,,0.0,0.0
1993-06-17,,,,0.0,0.0
1993-06-18,,,,0.0,0.0
1993-06-19,,,,0.0,0.0
1993-06-20,,,,0.0,0.0
1993-06-21,,,208.0,0.0,0.0
1993-06-22,,,188.0,0.0,0.0
1993-06-23,,,,0.0,0.0
1993-06-24,,,,0.0,0.0
1993-06-25,,,,0.0,0.0
1993-06-26,,,,0.0,0.0
1993-06-27,,,15.0,0.0,0.0
1993-06-28,,,,0.0,0.0
1993-06-29,,,,0.0,0.0
1993-06-30,,,0.0,0.0,0.0
1993-07-01,,,,0.0,0.0
1993-07-02,,,,0.0,0.0
1993-07-03,261.0,139.0,,0.0,0.0
1993-07-04,261.0,139.0,10.0,0.0,0.0
1993-07-05,294.0,172.0,0.0,0.0,0.0
1993-07-06,300.0,206.0,0.0,0.0,0.0
1993-07-07,278.0,206.0,150.0,0.0,0.0
1993-07-08,306.0,206.0,150.0,0.0,0.0
1993-07-09,317.0,194.0,0.0,0.0,0.0
1993-07-10,311.0,194.0,0.0,0.0,0.0
1993-07-11,317.0,172.0,0.0,0.0,0.0
1993-07-12,294.0,206.0,0.0,0.0,0.0
1993-07-13,283.0,161.0,0.0,0.0,0.0
1993-07-14,283.0,139.0,0.0,0.0,0.0
1993-07-15,306.0,167.0,18.0,0.0,0.0
1993-07-16,306.0,106.0,0.0,0.0,0.0
1993-07-17,306.0,100.0,0.0,0.0,0.0
1993-07-18,239.0,106.0,0.0,0.0,0.0
1993-07-19,283.0,139.0,,0.0,0.0
1993-07-20,200.0,178.0,,0.0,0.0
1993-07-21,,,0.0,0.0,0.0
1993-07-22,,,0.0,0.0,0.0
1993-07-23,,,0.0,0.0,0.0
1993-07-24,,,0.0,0.0,0.0
1993-07-25,,,0.0,0.0,0.0
1993-07-26,,,0.0,0.0,0.0
1993-07-27,,,25.0,0.0,0.0
1993-07-28,,,,0.0,0.0
1993-07-29,,,,0.0,0.0
1993-07-30,,,0.0,0.0,0.0
1993-07-31,,,25.0,0.0,0.0
1993-08-01,,,43.0,0.0,0.0
1993-08-02,,,0.0,0.0,0.0
1993-08-03,,,0.0,0.0,0.0
1993-08-04,,,0.0,0.0,0.0
1993-08-05,,,0.0,0.0,0.0
1993-08-06,,,0.0,0.0,0.0
1993-08-07,,,15.0,0.0,0.0
1993-08-08,,,86.0,0.0,0.0
1993-08-09,,,0.0,0.0,0.0
1993-08-10,,,0.0,0.0,0.0
1993-08-11,,,160.0,0.0,0.0
1993-08-12,,,66.0,0.0,0.0
1993-08-13,,,0.0,0.0,0.0
1993-08-14,,,0.0,0.0,0.0
1993-08-15,,,0.0,0.0,0.0
1993-08-16,,,0.0,0.0,0.0
1993-08-17,,,635.0,0.0,0.0
1993-08-18,,,678.0,0.0,0.0
1993-08-19,,,0.0,0.0,0.0
1993-08-20,,,0.0,0.0,0.0
1993-08-21,,,0.0,0.0,0.0
1993-08-22,,,0.0,0.0,0.0
1993-08-23,,,0.0,0.0,0.0
1993-08-24,,,,0.0,0.0
1993-08-25,,,170.0,0.0,0.0
1993-08-26,,,0.0,0.0,0.0
1993-08-27,,,0.0,0.0,0.0
1993-08-28,,,0.0,0.0,0.0
1993-08-29,,,5.0,0.0,0.0
1993-08-30,,,0.0,0.0,0.0
1993-08-31,,,0.0,0.0,0.0
1993-09-01,,,127.0,0.0,0.0
1993-09-02,,,,0.0,0.0
1993-09-03,,,297.0,0.0,0.0
1993-09-04,,,533.0,0.0,0.0
1993-09-05,,,,0.0,0.0
1993-09-06,,,,0.0,0.0
1993-09-07,,,0.0,0.0,0.0
1993-09-08,,,,0.0,0.0
1993-09-09,,,,0.0,0.0
1993-09-10,,,97.0,0.0,0.0
1993-09-11,,,18.0,0.0,0.0
1993-09-12,,,0.0,0.0,0.0
1993-09-13,,,,0.0,0.0
1993-09-14,,,,0.0,0.0
1993-09-15,,,,0.0,0.0
1993-09-16,,,64.0,0.0,0.0
1993-09-17,,,25.0,0.0,0.0
1993-09-18,,,,0.0,0.0
1993-09-19,,,,0.0,0.0
1993-09-20,,,0.0,0.0,0.0
1993-09-21,,,25.0,0.0,0.0
1993-09-22,,,18.0,0.0,0.0
1993-09-23,,,0.0,0.0,0.0
1993-09-24,,,0.0,0.0,0.0
1993-09-25,,,0.0,0.0,0.0
1993-09-26,,,20.0,0.0,0.0
1993-09-27,,,30.0,0.0,0.0
1993-09-28,,,,0.0,0.0
1993-09-29,,,,0.0,0.0
1993-09-30,,,127.0,0.0,0.0
1993-10-01,,,0.0,0.0,0.0
1993-10-02,,,0.0,0.0,0.0
1993-10-03,,,0.0,0.0,0.0
1993-10-04,,,0.0,0.0,0.0
1993-10-05,,,46.0,0.0,0.0
1993-10-06,,,0.0,0.0,0.0
1993-10-07,,,0.0,0.0,0.0
1993-10-08,,,0.0,0.0,0.0
1993-10-09,,,0.0,0.0,0.0
1993-10-10,,,25.0,0.0,0.0
1993-10-11,,,0.0,0.0,0.0
1993-10-12,,,0.0,0.0,0.0
1993-10-13,,,0.0,0.0,0.0
1993-10-14,,,0.0,0.0,0.0
1993-10-15,,,0.0,0.0,0.0
1993-10-16,,,0.0,0.0,0.0
1993-10-17,,,0.0,0.0,0.0
1993-10-18,,,173.0,0.0,0.0
1993-10-19,,,0.0,0.0,0.0
1993-10-20,,,157.0,0.0,0.0
1993-10-21,,,64.0,0.0,0.0
1993-10-22,,,53.0,0.0,0.0
1993-10-23,,,0.0,0.0,0.0
1993-10-24,,,0.0,0.0,0.0
1993-10-25,,,0.0,0.0,0.0
1993-10-26,,,0.0,0.0,0.0
1993-10-27,,,0.0,0.0,0.0
1993-10-28,,,20.0,0.0,0.0
1993-10-29,,,0.0,0.0,0.0
1993-10-30,,,0.0,0.0,0.0
1993-10-31,,,132.0,,25.0
1993-11-01,,,25.0,,185.0
1993-11-02,,,13.0,178.0,20.0
1993-11-03,,,0.0,,0.0
1993-11-04,,,0.0,,0.0
1993-11-05,,,0.0,,0.0
1993-11-06,,,25.0,0.0,0.0
1993-11-07,,,0.0,0.0,0.0
1993-11-08,,,0.0,0.0,0.0
1993-11-09,,,0.0,0.0,0.0
1993-11-10,,,0.0,0.0,0.0
1993-11-11,,,0.0,0.0,0.0
1993-11-12,,,0.0,0.0,0.0
1993-11-13,,,0.0,0.0,0.0
1993-11-14,,,0.0,0.0,0.0
1993-11-15,,,84.0,0.0,0.0
1993-11-16,,,0.0,0.0,0.0
1993-11-17,,,0.0,0.0,0.0
1993-11-18,,,0.0,0.0,0.0
1993-11-19,,,0.0,0.0,0.0
1993-11-20,,,0.0,0.0,0.0
1993-11-21,,,0.0,0.0,0.0
1993-11-22,,,0.0,0.0,0.0
1993-11-23,,,0.0,0.0,0.0
1993-11-24,,,0.0,0.0,0.0
1993-11-25,,,0.0,0.0,0.0
1993-11-26,,,0.0,0.0,0.0
1993-11-27,,,0.0,0.0,0.0
1993-11-28,,,826.0,0.0,0.0
1993-11-29,,,51.0,0.0,0.0
1993-11-30,,,0.0,0.0,0.0
1993-12-01,,,0.0,0.0,0.0
1993-12-02,,,0.0,0.0,0.0
1993-12-03,,,56.0,0.0,0.0
1993-12-04,,,0.0,0.0,0.0
1993-12-05,,,305.0,0.0,0.0
1993-12-06,,,0.0,0.0,0.0
1993-12-07,,,0.0,0.0,0.0
1993-12-08,,,,0.0,0.0
1993-12-09,,,0.0,0.0,0.0
1993-12-10,,,0.0,0.0,0.0
1993-12-11,,,330.0,0.0,0.0
1993-12-12,,,0.0,,0.0
1993-12-13,,,0.0,,0.0
1993-12-14,,,0.0,0.0,0.0
1993-12-15,,,0.0,0.0,0.0
1993-12-16,,,0.0,0.0,0.0
1993-12-17,,,0.0,0.0,0.0
1993-12-18,,,0.0,0.0,0.0
1993-12-19,,,97.0,76.0,
1993-12-20,,,0.0,,0.0
1993-12-21,,,81.0,178.0,89.0
1993-12-22,,,,305.0,
1993-12-24,,,,102.0,
1993-12-25,,,,76.0,
1994-10-01,,,0.0,0.0,0.0
1994-10-02,,,0.0,0.0,0.0
1994-10-03,133.0,6.0,0.0,0.0,0.0
1994-10-04,117.0,28.0,0.0,0.0,0.0
1994-10-05,83.0,39.0,0.0,0.0,0.0
1994-10-06,72.0,6.0,0.0,0.0,0.0
1994-10-07,133.0,28.0,0.0,0.0,0.0
1994-10-08,,,0.0,0.0,0.0
1994-10-09,,,0.0,0.0,0.0
1994-10-10,,,0.0,0.0,0.0
1994-10-11,,,0.0,0.0,0.0
1994-10-12,,,0.0,0.0,0.0
1994-10-13,,,0.0,0.0,0.0
1994-10-14,,,0.0,0.0,0.0
1994-10-15,,,0.0,0.0,0.0
1994-10-16,,,0.0,0.0,0.0
1994-10-17,,,0.0,0.0,0.0
1994-10-18,,,0.0,0.0,0.0
1994-10-19,194.0,89.0,0.0,0.0,0.0
1994-10-20,161.0,111.0,43.0,0.0,0.0
1994-10-21,167.0,56.0,56.0,0.0,0.0
1994-10-22,139.0,50.0,0.0,0.0,0.0
1994-10-23,144.0,50.0,0.0,0.0,0.0
1994-10-24,161.0,39.0,0.0,0.0,0.0
1994-10-25,144.0,33.0,0.0,0.0,0.0
1994-10-26,144.0,-6.0,0.0,0.0,0.0
1994-10-27,94.0,6.0,0.0,0.0,0.0
1994-10-28,94.0,0.0,0.0,0.0,0.0
1994-10-29,117.0,6.0,0.0,0.0,0.0
1994-10-30,,,0.0,0.0,0.0
1994-10-31,172.0,39.0,0.0,0.0,0.0
1994-11-01,156.0,122.0,30.0,0.0,0.0
1994-11-02,150.0,33.0,241.0,0.0,0.0
1994-11-03,100.0,6.0,0.0,0.0,0.0
1994-11-04,156.0,100.0,0.0,0.0,0.0
1994-11-05,161.0,128.0,0.0,0.0,0.0
1994-11-06,206.0,128.0,13.0,0.0,0.0
1994-11-07,172.0,11.0,0.0,0.0,0.0
1994-11-08,94.0,22.0,0.0,0.0,0.0
1994-11-09,133.0,72.0,0.0,0.0,0.0
1994-11-10,133.0,0.0,130.0,0.0,0.0
1994-11-11,67.0,-22.0,0.0,0.0,0.0
1994-11-12,44.0,-39.0,0.0,0.0,0.0
1994-11-13,78.0,-11.0,0.0,0.0,0.0
1994-11-14,117.0,72.0,0.0,0.0,0.0
1994-11-15,156.0,100.0,0.0,0.0,0.0
1994-11-16,156.0,28.0,0.0,0.0,0.0
1994-11-17,144.0,-6.0,0.0,0.0,0.0
1994-11-18,117.0,78.0,0.0,0.0,0.0
1994-11-19,128.0,44.0,8.0,0.0,0.0
1994-11-20,106.0,6.0,0.0,0.0,0.0
1994-11-21,,,,0.0,0.0
1994-11-22,117.0,17.0,,0.0,0.0
1994-11-23,67.0,-50.0,0.0,0.0,0.0
1994-11-24,0.0,-94.0,33.0,25.0,
1994-11-25,11.0,-94.0,0.0,25.0,0.0
1994-11-26,56.0,-33.0,0.0,0.0,0.0
1994-11-27,6.0,-94.0,0.0,0.0,0.0
1994-11-28,78.0,-67.0,,25.0,
1994-11-29,106.0,0.0,48.0,0.0,0.0
1994-11-30,61.0,-17.0,0.0,0.0,0.0
1994-12-01,39.0,-22.0,0.0,0.0,0.0
1994-12-02,44.0,-28.0,0.0,0.0,0.0
1994-12-03,72.0,0.0,0.0,0.0,0.0
1994-12-04,106.0,28.0,0.0,0.0,0.0
1994-12-05,128.0,56.0,203.0,0.0,0.0
1994-12-06,111.0,72.0,94.0,0.0,0.0
1994-12-07,100.0,17.0,15.0,0.0,0.0
1994-12-08,50.0,-94.0,38.0,,
1994-12-09,-33.0,-94.0,0.0,0.0,0.0
1994-12-10,-6.0,-33.0,102.0,0.0,
1994-12-11,28.0,-22.0,107.0,0.0,0.0
1994-12-12,-6.0,-128.0,0.0,0.0,0.0
1994-12-13,-61.0,-117.0,0.0,0.0,0.0
1994-12-14,-6.0,-72.0,25.0,0.0,
1994-12-15,0.0,-28.0,0.0,0.0,0.0
1994-12-16,39.0,-50.0,0.0,0.0,0.0
1994-12-17,6.0,-33.0,15.0,25.0,
1994-12-18,17.0,-33.0,0.0,0.0,0.0
1994-12-19,22.0,-33.0,0.0,0.0,0.0
1994-12-20,6.0,-28.0,0.0,0.0,0.0
1994-12-21,17.0,-33.0,0.0,0.0,0.0
1994-12-22,89.0,-17.0,0.0,0.0,0.0
1994-12-23,111.0,-17.0,0.0,0.0,0.0
1994-12-24,61.0,-11.0,0.0,0.0,0.0
1994-12-25,0.0,-11.0,203.0,25.0,
1994-12-26,33.0,-39.0,0.0,25.0,0.0
1994-12-27,,,0.0,0.0,0.0
1994-12-28,67.0,-44.0,0.0,0.0,0.0
1994-12-29,44.0,-33.0,0.0,0.0,0.0
1994-12-30,-28.0,-133.0,0.0,0.0,0.0
1994-12-31,-33.0,-133.0,0.0,0.0,0.0
1995-01-01,17.0,-44.0,127.0,0.0,0.0
1995-01-02,39.0,-39.0,13.0,25.0,25.0
1995-01-03,-39.0,-122.0,0.0,25.0,0.0
1995-01-04,-61.0,-111.0,0.0,25.0,0.0
1995-01-05,-78.0,-172.0,0.0,25.0,0.0
1995-01-06,-94.0,-167.0,0.0,25.0,0.0
1995-01-07,6.0,-94.0,13.0,51.0,13.0
1995-01-08,-72.0,-6.0,0.0,51.0,0.0
1995-01-09,-6.0,-72.0,0.0,51.0,0.0
1995-01-10,-22.0,-128.0,0.0,51.0,0.0
1995-01-11,-56.0,-117.0,0.0,51.0,0.0
1995-01-12,28.0,-67.0,13.0,25.0,0.0
1995-01-13,83.0,-67.0,0.0,0.0,0.0
1995-01-14,139.0,67.0,0.0,0.0,0.0
1995-01-15,144.0,67.0,0.0,0.0,0.0
1995-01-16,144.0,67.0,318.0,0.0,0.0
1995-01-17,106.0,-6.0,0.0,0.0,0.0
1995-01-18,17.0,-22.0,0.0,0.0,0.0
1995-01-19,50.0,11.0,0.0,0.0,0.0
1995-01-20,94.0,11.0,160.0,0.0,0.0
1995-01-21,56.0,-11.0,345.0,127.0,127.0
1995-01-22,0.0,-67.0,254.0,178.0,51.0
1995-01-23,-50.0,-122.0,0.0,178.0,0.0
1995-01-24,-44.0,-117.0,0.0,178.0,0.0
1995-01-25,-22.0,-50.0,0.0,127.0,0.0
1995-01-26,-17.0,-72.0,0.0,152.0,0.0
1995-01-27,-33.0,-72.0,0.0,152.0,0.0
1995-01-28,-22.0,-144.0,0.0,152.0,0.0
1995-01-29,-22.0,-172.0,0.0,152.0,0.0
1995-01-30,-17.0,-172.0,0.0,152.0,0.0
1995-01-31,11.0,-106.0,0.0,127.0,0.0
1995-02-01,6.0,-78.0,0.0,127.0,0.0
1995-02-02,0.0,-50.0,0.0,127.0,0.0
1995-02-03,-44.0,-167.0,0.0,102.0,0.0
1995-02-04,-33.0,-156.0,127.0,203.0,89.0
1995-02-05,-33.0,-161.0,178.0,356.0,152.0
1995-02-06,-139.0,-228.0,0.0,356.0,0.0
1995-02-07,-128.0,-206.0,0.0,279.0,0.0
1995-02-08,-106.0,-200.0,0.0,279.0,0.0
1995-02-09,-94.0,-178.0,0.0,254.0,0.0
1995-02-10,-56.0,-144.0,0.0,254.0,0.0
1995-02-11,0.0,-67.0,0.0,254.0,0.0
1995-02-12,-11.0,-206.0,0.0,229.0,0.0
1995-02-13,-83.0,-206.0,0.0,203.0,0.0
1995-02-14,-78.0,-200.0,0.0,203.0,0.0
1995-02-15,-44.0,-122.0,0.0,178.0,0.0
1995-02-16,0.0,-72.0,71.0,229.0,25.0
1995-02-17,6.0,-106.0,0.0,203.0,0.0
1995-02-18,28.0,-89.0,0.0,178.0,0.0
1995-02-19,61.0,-89.0,0.0,127.0,0.0
1995-02-20,61.0,-56.0,0.0,102.0,0.0
1995-02-21,83.0,-28.0,0.0,76.0,0.0
1995-02-22,6.0,-111.0,0.0,76.0,0.0
1995-02-23,-6.0,-111.0,0.0,76.0,0.0
1995-02-24,17.0,-28.0,89.0,76.0,0.0
1995-02-25,-6.0,-111.0,0.0,76.0,0.0
1995-02-26,-17.0,-117.0,38.0,102.0,25.0
1995-02-27,-17.0,-117.0,25.0,102.0,3.0
1995-02-28,0.0,-117.0,69.0,102.0,0.0
1995-03-01,17.0,-44.0,8.0,76.0,0.0
1995-03-02,-11.0,-94.0,0.0,51.0,0.0
1995-03-03,-50.0,-128.0,0.0,51.0,0.0
1995-03-04,0.0,-106.0,0.0,51.0,0.0
1995-03-05,39.0,-44.0,0.0,25.0,0.0
1995-03-06,28.0,-6.0,18.0,25.0,0.0
1995-03-07,67.0,17.0,28.0,0.0,0.0
1995-03-08,122.0,61.0,0.0,0.0,0.0
1995-03-09,117.0,-128.0,277.0,127.0,119.0
1995-03-10,-56.0,-150.0,0.0,127.0,0.0
1995-03-11,-22.0,-128.0,0.0,127.0,0.0
1995-03-12,67.0,-44.0,0.0,102.0,0.0
1995-03-13,117.0,17.0,0.0,25.0,0.0
1995-03-14,183.0,39.0,0.0,25.0,0.0
1995-03-15,167.0,50.0,0.0,0.0,0.0
1995-03-16,189.0,67.0,0.0,0.0,0.0
1995-03-17,178.0,33.0,0.0,0.0,0.0
1995-03-18,122.0,50.0,0.0,0.0,0.0
1995-03-19,61.0,-33.0,0.0,0.0,0.0
1995-03-20,100.0,-33.0,0.0,0.0,0.0
1995-03-21,94.0,28.0,0.0,0.0,0.0
1995-03-22,94.0,-6.0,28.0,25.0,
1995-03-23,22.0,-6.0,0.0,0.0,0.0
1995-03-24,17.0,-33.0,0.0,0.0,0.0
1995-03-25,28.0,-50.0,0.0,0.0,0.0
1995-03-26,72.0,-17.0,0.0,0.0,0.0
1995-03-27,117.0,-39.0,0.0,0.0,0.0
1995-03-28,78.0,-17.0,0.0,0.0,0.0
1995-03-29,94.0,-28.0,0.0,0.0,0.0
1995-03-30,111.0,11.0,0.0,0.0,0.0
1995-03-31,72.0,-6.0,0.0,0.0,0.0
1995-04-01,44.0,-33.0,25.0,0.0,3.0
1995-04-02,44.0,-33.0,0.0,0.0,0.0
1995-04-03,44.0,-44.0,0.0,0.0,0.0
1995-04-04,111.0,-44.0,86.0,0.0,0.0
1995-04-05,78.0,-117.0,51.0,0.0,0.0
1995-04-06,-17.0,-106.0,0.0,0.0,0.0
1995-04-07,100.0,-61.0,0.0,0.0,0.0
1995-04-08,33.0,-39.0,25.0,25.0,25.0
1995-04-09,50.0,-22.0,102.0,0.0,0.0
1995-04-10,100.0,-67.0,127.0,0.0,0.0
1995-04-11,33.0,-56.0,0.0,0.0,0.0
1995-04-12,111.0,28.0,0.0,0.0,0.0
1995-04-13,111.0,50.0,25.0,0.0,0.0
1995-04-14,111.0,11.0,0.0,0.0,0.0
1995-04-15,33.0,-17.0,0.0,0.0,0.0
1995-04-16,78.0,-17.0,0.0,0.0,0.0
1995-04-17,128.0,-22.0,0.0,0.0,0.0
1995-04-18,150.0,-22.0,0.0,0.0,0.0
1995-04-19,156.0,-22.0,13.0,0.0,0.0
1995-04-20,211.0,39.0,0.0,0.0,0.0
1995-04-21,139.0,44.0,0.0,0.0,0.0
1995-04-22,122.0,67.0,66.0,0.0,0.0
1995-04-23,122.0,0.0,0.0,0.0,0.0
1995-04-24,117.0,11.0,0.0,0.0,0.0
1995-04-25,122.0,-11.0,0.0,0.0,0.0
1995-04-26,139.0,17.0,0.0,0.0,0.0
1995-04-27,150.0,39.0,0.0,0.0,0.0
1995-04-28,211.0,61.0,76.0,0.0,0.0
1995-04-29,139.0,56.0,0.0,0.0,0.0
1995-04-30,161.0,17.0,0.0,0.0,0.0
1995-05-01,78.0,28.0,61.0,0.0,0.0
1995-05-02,111.0,33.0,0.0,0.0,0.0
1995-05-03,89.0,17.0,10.0,0.0,0.0
1995-05-04,178.0,39.0,0.0,0.0,0.0
1995-05-05,161.0,56.0,51.0,0.0,0.0
1995-05-06,156.0,61.0,0.0,0.0,0.0
1995-05-07,139.0,6.0,0.0,0.0,0.0
1995-05-08,150.0,6.0,0.0,0.0,0.0
1995-05-09,133.0,28.0,0.0,0.0,0.0
1995-05-10,172.0,67.0,0.0,0.0,0.0
1995-05-11,111.0,72.0,122.0,0.0,0.0
1995-05-12,128.0,89.0,15.0,0.0,0.0
1995-05-13,161.0,78.0,0.0,0.0,0.0
1995-05-14,194.0,89.0,0.0,0.0,0.0
1995-05-15,106.0,83.0,25.0,0.0,0.0
1995-05-16,183.0,61.0,0.0,0.0,0.0
1995-05-17,217.0,122.0,0.0,0.0,0.0
1995-05-18,161.0,94.0,71.0,0.0,0.0
1995-05-19,100.0,61.0,86.0,0.0,0.0
1995-05-20,156.0,72.0,51.0,0.0,0.0
1995-05-21,217.0,106.0,0.0,0.0,0.0
1995-05-22,222.0,67.0,0.0,0.0,0.0
1995-05-23,183.0,61.0,0.0,0.0,0.0
1995-05-24,222.0,144.0,0.0,0.0,0.0
1995-05-25,244.0,89.0,114.0,0.0,0.0
1995-05-26,167.0,94.0,56.0,0.0,0.0
1995-05-27,178.0,61.0,0.0,0.0,0.0
1995-05-28,211.0,117.0,0.0,0.0,0.0
1995-05-29,139.0,94.0,25.0,0.0,0.0
1995-05-30,239.0,122.0,5.0,0.0,0.0
1995-05-31,189.0,89.0,0.0,0.0,0.0
1995-06-01,250.0,122.0,0.0,0.0,0.0
1995-06-02,244.0,167.0,0.0,0.0,0.0
1995-06-03,256.0,167.0,23.0,0.0,0.0
1995-06-04,244.0,139.0,51.0,0.0,0.0
1995-06-05,222.0,78.0,0.0,0.0,0.0
1995-06-06,233.0,128.0,0.0,0.0,0.0
1995-06-07,256.0,144.0,0.0,0.0,0.0
1995-06-08,278.0,150.0,18.0,0.0,0.0
1995-06-09,278.0,83.0,0.0,0.0,0.0
1995-06-10,200.0,89.0,0.0,0.0,0.0
1995-06-11,178.0,150.0,3.0,0.0,0.0
1995-06-12,250.0,117.0,465.0,0.0,0.0
1995-06-13,139.0,56.0,51.0,0.0,0.0
1995-06-14,200.0,89.0,0.0,0.0,0.0
1995-06-15,222.0,72.0,0.0,0.0,0.0
1995-06-16,222.0,106.0,0.0,0.0,0.0
1995-06-17,244.0,133.0,0.0,0.0,0.0
1995-06-18,261.0,144.0,0.0,0.0,0.0
1995-06-19,283.0,161.0,0.0,0.0,0.0
1995-06-20,294.0,189.0,0.0,0.0,0.0
1995-06-21,300.0,161.0,0.0,0.0,0.0
1995-06-22,278.0,144.0,23.0,0.0,0.0
1995-06-23,217.0,144.0,0.0,0.0,0.0
1995-06-24,239.0,167.0,0.0,0.0,0.0
1995-06-25,217.0,167.0,23.0,0.0,0.0
1995-06-26,267.0,167.0,20.0,0.0,0.0
1995-06-27,256.0,183.0,150.0,0.0,0.0
1995-06-28,194.0,128.0,0.0,0.0,0.0
1995-06-29,194.0,133.0,0.0,0.0,0.0
1995-06-30,228.0,161.0,0.0,0.0,0.0
1995-07-01,244.0,178.0,18.0,0.0,0.0
1995-07-02,261.0,133.0,15.0,0.0,0.0
1995-07-03,211.0,83.0,0.0,0.0,0.0
1995-07-04,233.0,117.0,0.0,0.0,0.0
1995-07-05,228.0,183.0,0.0,0.0,0.0
1995-07-06,,,,0.0,0.0
1995-07-07,272.0,172.0,,0.0,0.0
1995-07-08,239.0,139.0,175.0,0.0,0.0
1995-07-09,189.0,106.0,0.0,0.0,0.0
1995-07-10,222.0,106.0,0.0,0.0,0.0
1995-07-11,239.0,128.0,330.0,0.0,0.0
1995-07-12,239.0,133.0,43.0,0.0,0.0
1995-07-13,261.0,156.0,0.0,0.0,0.0
1995-07-14,289.0,206.0,0.0,0.0,0.0
1995-07-15,317.0,239.0,0.0,0.0,0.0
1995-07-16,344.0,183.0,191.0,0.0,0.0
1995-07-17,278.0,194.0,0.0,0.0,0.0
1995-07-18,272.0,183.0,99.0,0.0,0.0
1995-07-19,267.0,150.0,0.0,0.0,0.0
1995-07-20,256.0,150.0,0.0,0.0,0.0
1995-07-21,250.0,178.0,0.0,0.0,0.0
1995-07-22,250.0,167.0,0.0,0.0,0.0
1995-07-23,250.0,194.0,0.0,0.0,0.0
1995-07-24,261.0,161.0,81.0,0.0,0.0
1995-07-25,250.0,172.0,33.0,0.0,0.0
1995-07-26,272.0,194.0,0.0,0.0,0.0
1995-07-27,267.0,178.0,38.0,0.0,0.0
1995-07-28,278.0,183.0,0.0,0.0,0.0
1995-07-29,272.0,194.0,33.0,0.0,0.0
1995-07-30,289.0,156.0,0.0,0.0,0.0
1995-07-31,289.0,128.0,0.0,0.0,0.0
1995-08-01,294.0,172.0,0.0,0.0,0.0
1995-08-02,300.0,194.0,0.0,0.0,0.0
1995-08-03,300.0,194.0,0.0,0.0,0.0
1995-08-04,306.0,206.0,0.0,0.0,0.0
1995-08-05,278.0,189.0,43.0,0.0,0.0
1995-08-06,244.0,183.0,25.0,0.0,0.0
1995-08-07,267.0,144.0,10.0,0.0,0.0
1995-08-08,222.0,106.0,0.0,0.0,0.0
1995-08-09,233.0,111.0,0.0,0.0,0.0
1995-08-10,,,0.0,0.0,0.0
1995-08-11,233.0,139.0,0.0,0.0,0.0
1995-08-12,261.0,178.0,0.0,0.0,0.0
1995-08-13,278.0,144.0,0.0,0.0,0.0
1995-08-14,278.0,172.0,0.0,0.0,0.0
1995-08-15,300.0,200.0,130.0,0.0,0.0
1995-08-16,306.0,217.0,0.0,0.0,0.0
1995-08-17,294.0,161.0,0.0,0.0,0.0
1995-08-18,300.0,167.0,0.0,0.0,0.0
1995-08-19,294.0,172.0,0.0,0.0,0.0
1995-08-20,272.0,133.0,0.0,0.0,0.0
1995-08-21,283.0,161.0,0.0,0.0,0.0
1995-08-22,306.0,150.0,0.0,0.0,0.0
1995-08-23,228.0,94.0,0.0,0.0,0.0
1995-08-24,250.0,133.0,0.0,0.0,0.0
1995-08-25,261.0,89.0,0.0,0.0,0.0
1995-08-26,261.0,94.0,0.0,0.0,0.0
1995-08-27,,,0.0,0.0,0.0
1995-08-28,272.0,144.0,0.0,0.0,0.0
1995-08-29,228.0,150.0,0.0,0.0,0.0
1995-08-30,272.0,128.0,0.0,0.0,0.0
1995-08-31,267.0,156.0,0.0,0.0,0.0
1995-09-01,294.0,139.0,30.0,0.0,0.0
1995-09-02,233.0,111.0,0.0,0.0,0.0
1995-09-03,217.0,72.0,0.0,0.0,0.0
1995-09-04,233.0,122.0,0.0,0.0,0.0
1995-09-05,261.0,122.0,0.0,0.0,0.0
1995-09-06,272.0,133.0,0.0,0.0,0.0
1995-09-07,261.0,156.0,0.0,0.0,0.0
1995-09-08,272.0,111.0,0.0,0.0,0.0
1995-09-09,183.0,111.0,130.0,0.0,0.0
1995-09-10,222.0,72.0,33.0,0.0,0.0
1995-09-11,144.0,17.0,0.0,0.0,0.0
1995-09-12,194.0,50.0,0.0,0.0,0.0
1995-09-13,222.0,50.0,89.0,0.0,0.0
1995-09-14,211.0,150.0,8.0,0.0,0.0
1995-09-15,233.0,72.0,0.0,0.0,0.0
1995-09-16,167.0,78.0,0.0,0.0,0.0
1995-09-17,167.0,117.0,15.0,0.0,0.0
1995-09-18,189.0,89.0,51.0,0.0,0.0
1995-09-19,156.0,22.0,0.0,0.0,0.0
1995-09-20,194.0,44.0,0.0,0.0,0.0
1995-09-21,172.0,128.0,0.0,0.0,0.0
1995-09-22,211.0,150.0,119.0,0.0,0.0
1995-09-23,183.0,28.0,224.0,0.0,0.0
1995-09-24,117.0,6.0,0.0,0.0,0.0
1995-09-25,144.0,33.0,10.0,0.0,0.0
1995-09-26,117.0,89.0,15.0,0.0,0.0
1995-09-27,172.0,72.0,0.0,0.0,0.0
1995-09-28,206.0,78.0,0.0,0.0,0.0
1995-09-29,178.0,56.0,0.0,0.0,0.0
1995-09-30,189.0,50.0,0.0,0.0,0.0
1995-10-01,183.0,61.0,0.0,0.0,0.0
1995-10-02,194.0,83.0,0.0,0.0,0.0
1995-10-03,233.0,67.0,0.0,0.0,0.0
1995-10-04,217.0,94.0,384.0,0.0,0.0
1995-10-05,172.0,128.0,66.0,0.0,0.0
1995-10-06,206.0,122.0,526.0,0.0,0.0
1995-10-07,206.0,150.0,3.0,0.0,0.0
1995-10-08,194.0,83.0,0.0,0.0,0.0
1995-10-09,128.0,33.0,0.0,0.0,0.0
1995-10-10,150.0,50.0,0.0,0.0,0.0
1995-10-11,189.0,89.0,0.0,0.0,0.0
1995-10-12,211.0,89.0,0.0,0.0,0.0
1995-10-13,228.0,117.0,0.0,0.0,0.0
1995-10-14,239.0,122.0,3.0,0.0,0.0
1995-10-15,178.0,44.0,297.0,0.0,0.0
1995-10-16,94.0,28.0,0.0,0.0,0.0
1995-10-17,89.0,11.0,0.0,0.0,0.0
1995-10-18,133.0,17.0,0.0,0.0,0.0
1995-10-19,167.0,17.0,0.0,0.0,0.0
1995-10-20,206.0,94.0,0.0,0.0,0.0
1995-10-21,161.0,61.0,503.0,0.0,0.0
1995-10-22,72.0,11.0,267.0,0.0,0.0
1995-10-23,111.0,28.0,0.0,0.0,0.0
1995-10-24,194.0,72.0,0.0,0.0,0.0
1995-10-25,178.0,50.0,8.0,0.0,0.0
1995-10-26,89.0,11.0,0.0,0.0,0.0
1995-10-27,111.0,11.0,0.0,0.0,0.0
1995-10-28,139.0,67.0,66.0,0.0,0.0
1995-10-29,133.0,33.0,0.0,0.0,0.0
1995-10-30,67.0,6.0,0.0,0.0,0.0
1995-10-31,89.0,22.0,0.0,0.0,0.0
1995-11-01,83.0,33.0,0.0,0.0,0.0
1995-11-02,139.0,83.0,145.0,0.0,0.0
1995-11-03,161.0,133.0,30.0,0.0,0.0
1995-11-04,,,0.0,0.0,0.0
1995-11-05,,,0.0,0.0,0.0
1995-11-06,56.0,-67.0,0.0,0.0,0.0
1995-11-07,44.0,-39.0,0.0,0.0,0.0
1995-11-08,44.0,-39.0,71.0,0.0,0.0
1995-11-09,28.0,-67.0,3.0,51.0,38.0
1995-11-10,-11.0,-72.0,0.0,25.0,0.0
1995-11-11,83.0,-11.0,0.0,0.0,0.0
1995-11-12,144.0,-50.0,671.0,178.0,165.0
1995-11-13,-28.0,-78.0,23.0,127.0,25.0
1995-11-14,-6.0,-50.0,56.0,178.0,0.0
1995-11-15,0.0,-28.0,508.0,432.0,356.0
1995-11-16,-11.0,-61.0,51.0,483.0,74.0
1995-11-17,-33.0,-89.0,0.0,381.0,0.0
1995-11-18,-6.0,-61.0,0.0,330.0,3.0
1995-11-19,6.0,-28.0,28.0,305.0,25.0
1995-11-20,11.0,-22.0,0.0,254.0,8.0
1995-11-21,17.0,-17.0,0.0,203.0,0.0
1995-11-22,33.0,-44.0,0.0,127.0,5.0
1995-11-23,-11.0,-72.0,0.0,127.0,8.0
1995-11-24,-11.0,-89.0,0.0,127.0,0.0
1995-11-25,-28.0,-117.0,0.0,127.0,0.0
1995-11-26,-11.0,-94.0,0.0,127.0,0.0
1995-11-27,28.0,-56.0,0.0,127.0,0.0
1995-11-28,83.0,17.0,0.0,76.0,0.0
1995-11-29,56.0,-61.0,97.0,102.0,64.0
1995-11-30,-44.0,-122.0,0.0,102.0,0.0
1995-12-01,-17.0,-106.0,8.0,76.0,5.0
1995-12-02,61.0,-28.0,0.0,51.0,0.0
1995-12-03,0.0,-50.0,0.0,25.0,0.0
1995-12-04,39.0,-6.0,0.0,0.0,0.0
1995-12-05,39.0,-72.0,0.0,0.0,0.0
1995-12-06,6.0,-50.0,102.0,51.0,41.0
1995-12-07,-33.0,-72.0,0.0,25.0,0.0
1995-12-08,-17.0,-111.0,0.0,25.0,0.0
1995-12-09,-39.0,-106.0,61.0,76.0,43.0
1995-12-10,-28.0,-172.0,0.0,76.0,8.0
1995-12-11,-111.0,-172.0,0.0,76.0,0.0
1995-12-12,-106.0,-156.0,0.0,76.0,0.0
1995-12-13,-83.0,-150.0,0.0,76.0,0.0
1995-12-14,-72.0,-111.0,58.0,102.0,41.0
1995-12-15,17.0,-72.0,58.0,102.0,25.0
1995-12-16,33.0,-11.0,0.0,76.0,0.0
1995-12-17,6.0,-50.0,0.0,76.0,0.0
1995-12-18,-28.0,-72.0,0.0,76.0,0.0
1995-12-19,-33.0,-100.0,43.0,102.0,46.0
1995-12-20,-94.0,-139.0,191.0,381.0,330.0
1995-12-21,-117.0,-133.0,43.0,432.0,51.0
1995-12-22,-67.0,-117.0,0.0,432.0,3.0
1995-12-23,-56.0,-72.0,0.0,356.0,0.0
1995-12-24,-44.0,-72.0,33.0,406.0,41.0
1995-12-25,-44.0,-72.0,36.0,432.0,33.0
1995-12-26,-56.0,-100.0,25.0,432.0,25.0
1995-12-27,-67.0,-133.0,0.0,406.0,0.0
1995-12-28,-67.0,-117.0,0.0,406.0,5.0
1995-12-29,-67.0,-106.0,0.0,381.0,0.0
1995-12-30,-11.0,-117.0,0.0,381.0,0.0
1995-12-31,-11.0,-111.0,0.0,381.0,0.0
1996-01-01,33.0,-39.0,0.0,330.0,0.0
1996-01-02,22.0,-22.0,25.0,279.0,13.0
1996-01-03,-22.0,-100.0,279.0,483.0,201.0
1996-01-04,-72.0,-189.0,25.0,533.0,41.0
1996-01-05,-100.0,-183.0,0.0,533.0,0.0
1996-01-06,-89.0,-206.0,0.0,533.0,0.0
1996-01-07,-122.0,-200.0,28.0,559.0,25.0
1996-01-08,-133.0,-167.0,279.0,762.0,305.0
1996-01-09,-100.0,-156.0,0.0,787.0,13.0
1996-01-10,-83.0,-139.0,51.0,838.0,51.0
1996-01-11,-83.0,-183.0,0.0,838.0,0.0
1996-01-12,-83.0,-172.0,0.0,838.0,0.0
1996-01-13,-61.0,-139.0,660.0,1295.0,635.0
1996-01-14,-33.0,-133.0,0.0,1245.0,0.0
1996-01-15,17.0,-56.0,0.0,1143.0,0.0
1996-01-16,-56.0,-178.0,0.0,1092.0,0.0
1996-01-17,6.0,-106.0,0.0,1016.0,0.0
1996-01-18,72.0,6.0,0.0,889.0,0.0
1996-01-19,117.0,61.0,368.0,508.0,0.0
1996-01-20,122.0,-122.0,437.0,381.0,25.0
1996-01-21,-50.0,-117.0,0.0,381.0,0.0
1996-01-22,-50.0,-94.0,25.0,381.0,25.0
1996-01-23,-6.0,-89.0,0.0,356.0,0.0
1996-01-24,17.0,-50.0,89.0,305.0,0.0
1996-01-25,56.0,-94.0,183.0,229.0,0.0
1996-01-26,-56.0,-100.0,0.0,229.0,0.0
1996-01-27,78.0,-83.0,544.0,102.0,0.0
1996-01-28,83.0,-83.0,124.0,152.0,25.0
1996-01-29,-39.0,-94.0,25.0,178.0,25.0
1996-01-30,-33.0,-78.0,28.0,203.0,25.0
1996-01-31,-6.0,-128.0,81.0,279.0,76.0
1996-02-01,-6.0,-206.0,0.0,279.0,0.0
1996-02-02,-100.0,-200.0,0.0,254.0,0.0
1996-02-03,-94.0,-200.0,41.0,305.0,46.0
1996-02-04,-133.0,-200.0,0.0,305.0,0.0
1996-02-05,-150.0,-233.0,0.0,305.0,0.0
1996-02-06,-150.0,-228.0,0.0,305.0,0.0
1996-02-07,-72.0,-150.0,0.0,279.0,0.0
1996-02-08,-22.0,-150.0,0.0,279.0,0.0
1996-02-09,22.0,-22.0,43.0,229.0,0.0
1996-02-10,22.0,-17.0,0.0,178.0,0.0
1996-02-11,44.0,-17.0,36.0,178.0,28.0
1996-02-12,22.0,-133.0,33.0,178.0,13.0
1996-02-13,-106.0,-189.0,8.0,178.0,0.0
1996-02-14,-67.0,-183.0,58.0,229.0,51.0
1996-02-15,-11.0,-100.0,43.0,330.0,102.0
1996-02-16,-11.0,-122.0,0.0,305.0,0.0
1996-02-17,-78.0,-139.0,0.0,305.0,0.0
1996-02-18,-56.0,-139.0,0.0,305.0,0.0
1996-02-19,-56.0,-106.0,0.0,305.0,0.0
1996-02-20,39.0,-83.0,20.0,0.0,0.0
1996-02-21,83.0,39.0,371.0,76.0,0.0
1996-02-22,72.0,22.0,30.0,25.0,0.0
1996-02-23,72.0,17.0,8.0,25.0,0.0
1996-02-24,67.0,22.0,61.0,25.0,0.0
1996-02-25,72.0,28.0,0.0,0.0,0.0
1996-02-26,122.0,6.0,0.0,0.0,0.0
1996-02-27,78.0,-39.0,0.0,0.0,0.0
1996-02-28,100.0,-17.0,23.0,0.0,0.0
1996-02-29,89.0,-106.0,0.0,0.0,0.0
1996-03-01,-44.0,-122.0,0.0,0.0,0.0
1996-03-02,-22.0,-111.0,0.0,0.0,0.0
1996-03-03,6.0,-89.0,30.0,25.0,25.0
1996-03-04,-78.0,-161.0,0.0,25.0,0.0
1996-03-05,-6.0,-128.0,28.0,25.0,25.0
1996-03-06,50.0,-11.0,36.0,0.0,0.0
1996-03-07,-11.0,-117.0,109.0,76.0,51.0
1996-03-08,-111.0,-139.0,142.0,254.0,178.0
1996-03-09,-111.0,-189.0,28.0,254.0,25.0
1996-03-10,-111.0,-178.0,0.0,254.0,0.0
1996-03-11,-50.0,-144.0,0.0,229.0,0.0
1996-03-12,22.0,-94.0,0.0,203.0,0.0
1996-03-13,50.0,-44.0,0.0,178.0,0.0
1996-03-14,122.0,17.0,0.0,152.0,0.0
1996-03-15,128.0,44.0,13.0,51.0,0.0
1996-03-16,78.0,-67.0,69.0,25.0,25.0
1996-03-17,22.0,-56.0,0.0,25.0,0.0
1996-03-18,39.0,-17.0,0.0,0.0,0.0
1996-03-19,89.0,-6.0,0.0,0.0,0.0
1996-03-20,106.0,-6.0,259.0,0.0,8.0
1996-03-21,11.0,-17.0,23.0,25.0,28.0
1996-03-22,6.0,-72.0,48.0,51.0,25.0
1996-03-23,-28.0,-67.0,0.0,51.0,0.0
1996-03-24,17.0,-61.0,0.0,0.0,0.0
1996-03-25,72.0,-33.0,0.0,0.0,0.0
1996-03-26,161.0,-28.0,79.0,0.0,0.0
1996-03-27,50.0,-111.0,0.0,0.0,0.0
1996-03-28,-11.0,-100.0,0.0,0.0,0.0
1996-03-29,6.0,-33.0,145.0,0.0,8.0
1996-03-30,17.0,-11.0,0.0,0.0,0.0
1996-03-31,111.0,0.0,0.0,0.0,0.0
1996-04-01,156.0,50.0,0.0,0.0,0.0
1996-04-02,100.0,-50.0,94.0,51.0,38.0
1996-04-03,39.0,-33.0,0.0,0.0,0.0
1996-04-04,117.0,-39.0,0.0,0.0,0.0
1996-04-05,117.0,-50.0,48.0,25.0,25.0
1996-04-06,39.0,-50.0,0.0,0.0,0.0
1996-04-07,61.0,-22.0,99.0,76.0,86.0
1996-04-08,11.0,-67.0,81.0,152.0,76.0
1996-04-09,28.0,-50.0,0.0,102.0,0.0
1996-04-10,28.0,-33.0,0.0,51.0,0.0
1996-04-11,128.0,28.0,0.0,0.0,0.0
1996-04-12,189.0,39.0,61.0,0.0,0.0
1996-04-13,106.0,39.0,51.0,0.0,0.0
1996-04-14,106.0,39.0,51.0,0.0,0.0
1996-04-15,61.0,-28.0,0.0,0.0,0.0
1996-04-16,100.0,11.0,290.0,0.0,0.0
1996-04-17,67.0,-6.0,33.0,0.0,3.0
1996-04-18,67.0,-22.0,0.0,0.0,0.0
1996-04-19,167.0,39.0,0.0,0.0,0.0
1996-04-20,178.0,122.0,0.0,0.0,0.0
1996-04-21,194.0,117.0,0.0,0.0,0.0
1996-04-22,194.0,56.0,0.0,0.0,0.0
1996-04-23,244.0,122.0,0.0,0.0,0.0
1996-04-24,244.0,0.0,244.0,0.0,0.0
1996-04-25,244.0,0.0,0.0,0.0,0.0
1996-04-26,200.0,78.0,8.0,0.0,0.0
1996-04-27,150.0,0.0,109.0,0.0,0.0
1996-04-28,89.0,0.0,0.0,0.0,0.0
1996-04-29,167.0,67.0,30.0,0.0,0.0
1996-04-30,167.0,83.0,386.0,0.0,0.0
1996-05-01,167.0,11.0,211.0,0.0,0.0
1996-05-02,139.0,33.0,20.0,0.0,0.0
1996-05-03,144.0,67.0,0.0,0.0,0.0
1996-05-04,144.0,78.0,25.0,0.0,0.0
1996-05-05,161.0,67.0,0.0,0.0,0.0
1996-05-06,172.0,56.0,56.0,0.0,0.0
1996-05-07,67.0,-6.0,18.0,0.0,0.0
1996-05-08,117.0,33.0,104.0,0.0,0.0
1996-05-09,139.0,56.0,30.0,0.0,0.0
1996-05-10,111.0,78.0,117.0,0.0,0.0
1996-05-11,217.0,94.0,0.0,0.0,0.0
1996-05-12,189.0,0.0,165.0,0.0,
1996-05-13,83.0,-17.0,0.0,0.0,0.0
1996-05-14,78.0,-22.0,0.0,0.0,0.0
1996-05-15,133.0,39.0,0.0,0.0,0.0
1996-05-16,150.0,44.0,8.0,0.0,0.0
1996-05-17,100.0,56.0,5.0,0.0,0.0
1996-05-18,228.0,100.0,0.0,0.0,0.0
1996-05-19,267.0,144.0,0.0,0.0,0.0
1996-05-20,306.0,183.0,0.0,0.0,0.0
1996-05-21,317.0,189.0,0.0,0.0,0.0
1996-05-22,250.0,83.0,86.0,0.0,0.0
1996-05-23,217.0,83.0,46.0,0.0,0.0
1996-05-24,233.0,111.0,0.0,0.0,0.0
1996-05-25,233.0,22.0,0.0,0.0,0.0
1996-05-26,172.0,50.0,0.0,0.0,0.0
1996-05-27,139.0,67.0,28.0,0.0,0.0
1996-05-28,156.0,72.0,51.0,0.0,0.0
1996-05-29,94.0,67.0,10.0,0.0,0.0
1996-05-30,,,0.0,0.0,0.0
1996-05-31,156.0,28.0,0.0,0.0,0.0
1996-06-01,211.0,61.0,0.0,0.0,0.0
1996-06-02,233.0,106.0,0.0,0.0,0.0
1996-06-03,222.0,111.0,0.0,0.0,0.0
1996-06-04,222.0,111.0,0.0,0.0,0.0
1996-06-05,206.0,111.0,0.0,0.0,0.0
1996-06-06,206.0,83.0,0.0,0.0,0.0
1996-06-07,233.0,161.0,0.0,0.0,0.0
1996-06-08,267.0,167.0,15.0,0.0,0.0
1996-06-09,272.0,178.0,135.0,0.0,0.0
1996-06-10,261.0,183.0,229.0,0.0,0.0
1996-06-11,261.0,183.0,0.0,0.0,0.0
1996-06-12,261.0,161.0,18.0,0.0,0.0
1996-06-13,244.0,161.0,30.0,0.0,0.0
1996-06-14,233.0,150.0,23.0,0.0,0.0
1996-06-15,244.0,150.0,0.0,0.0,0.0
1996-06-16,261.0,133.0,0.0,0.0,0.0
1996-06-17,267.0,178.0,0.0,0.0,0.0
1996-06-18,250.0,144.0,0.0,0.0,0.0
1996-06-19,250.0,156.0,102.0,0.0,0.0
1996-06-20,194.0,161.0,69.0,0.0,0.0
1996-06-21,233.0,167.0,20.0,0.0,0.0
1996-06-22,261.0,144.0,0.0,0.0,0.0
1996-06-23,267.0,117.0,51.0,0.0,0.0
1996-06-24,233.0,106.0,0.0,0.0,0.0
1996-06-25,211.0,156.0,28.0,0.0,0.0
1996-06-26,206.0,94.0,0.0,0.0,0.0
1996-06-27,211.0,100.0,0.0,0.0,0.0
1996-06-28,244.0,156.0,0.0,0.0,0.0
1996-06-29,244.0,161.0,0.0,0.0,0.0
1996-06-30,206.0,156.0,340.0,0.0,0.0
1996-07-01,256.0,161.0,5.0,0.0,0.0
1996-07-02,294.0,133.0,0.0,0.0,0.0
1996-07-03,261.0,144.0,66.0,0.0,0.0
1996-07-04,206.0,111.0,33.0,0.0,0.0
1996-07-05,183.0,94.0,0.0,0.0,0.0
1996-07-06,250.0,128.0,0.0,0.0,0.0
1996-07-07,278.0,150.0,0.0,0.0,0.0
1996-07-08,256.0,167.0,107.0,0.0,0.0
1996-07-09,256.0,161.0,28.0,0.0,0.0
1996-07-10,261.0,106.0,28.0,0.0,0.0
1996-07-11,200.0,83.0,0.0,0.0,0.0
1996-07-12,228.0,128.0,0.0,0.0,0.0
1996-07-13,239.0,156.0,79.0,0.0,0.0
1996-07-14,239.0,156.0,163.0,0.0,0.0
1996-07-15,267.0,189.0,178.0,0.0,0.0
1996-07-16,222.0,156.0,411.0,0.0,0.0
1996-07-17,250.0,161.0,10.0,0.0,0.0
1996-07-18,272.0,172.0,0.0,0.0,0.0
1996-07-19,267.0,183.0,94.0,0.0,0.0
1996-07-20,267.0,106.0,33.0,0.0,0.0
1996-07-21,206.0,111.0,0.0,0.0,0.0
1996-07-22,239.0,111.0,0.0,0.0,0.0
1996-07-23,228.0,133.0,15.0,0.0,0.0
1996-07-24,239.0,139.0,8.0,0.0,0.0
1996-07-25,256.0,172.0,0.0,0.0,0.0
1996-07-26,256.0,156.0,66.0,0.0,0.0
1996-07-27,256.0,122.0,79.0,0.0,0.0
1996-07-28,200.0,100.0,0.0,0.0,0.0
1996-07-29,228.0,139.0,18.0,0.0,0.0
1996-07-30,178.0,144.0,224.0,0.0,0.0
1996-07-31,189.0,144.0,58.0,0.0,0.0
1996-08-01,211.0,133.0,38.0,0.0,0.0
1996-08-02,233.0,133.0,5.0,0.0,0.0
1996-08-03,239.0,133.0,0.0,0.0,0.0
1996-08-04,228.0,144.0,0.0,0.0,0.0
1996-08-05,261.0,150.0,0.0,0.0,0.0
1996-08-06,256.0,144.0,5.0,0.0,0.0
1996-08-07,278.0,172.0,0.0,0.0,0.0
1996-08-08,272.0,183.0,0.0,0.0,0.0
1996-08-09,256.0,178.0,147.0,0.0,0.0
1996-08-10,250.0,117.0,0.0,0.0,0.0
1996-08-11,217.0,89.0,0.0,0.0,0.0
1996-08-12,206.0,122.0,0.0,0.0,0.0
1996-08-13,200.0,128.0,0.0,0.0,0.0
1996-08-14,233.0,128.0,0.0,0.0,0.0
1996-08-15,261.0,161.0,94.0,0.0,0.0
1996-08-16,250.0,144.0,185.0,0.0,0.0
1996-08-17,233.0,128.0,46.0,0.0,0.0
1996-08-18,239.0,133.0,0.0,0.0,0.0
1996-08-19,244.0,128.0,0.0,0.0,0.0
1996-08-20,256.0,156.0,0.0,0.0,0.0
1996-08-21,250.0,167.0,0.0,0.0,0.0
1996-08-22,250.0,156.0,30.0,0.0,0.0
1996-08-23,267.0,161.0,0.0,0.0,0.0
1996-08-24,278.0,161.0,150.0,0.0,0.0
1996-08-25,239.0,117.0,0.0,0.0,0.0
1996-08-26,244.0,139.0,0.0,0.0,0.0
1996-08-27,256.0,139.0,0.0,0.0,0.0
1996-08-28,256.0,139.0,0.0,0.0,0.0
1996-08-29,200.0,111.0,0.0,0.0,0.0
1996-08-30,239.0,111.0,0.0,0.0,0.0
1996-08-31,233.0,100.0,0.0,0.0,0.0
1996-09-01,256.0,122.0,0.0,0.0,0.0
1996-09-02,256.0,122.0,0.0,0.0,0.0
1996-09-03,267.0,139.0,0.0,0.0,0.0
1996-09-04,261.0,156.0,25.0,0.0,0.0
1996-09-05,206.0,167.0,15.0,0.0,0.0
1996-09-06,261.0,156.0,0.0,0.0,0.0
1996-09-07,233.0,167.0,132.0,0.0,0.0
1996-09-08,206.0,183.0,81.0,0.0,0.0
1996-09-09,250.0,144.0,0.0,0.0,0.0
1996-09-10,250.0,150.0,51.0,0.0,0.0
1996-09-11,233.0,133.0,0.0,0.0,0.0
1996-09-12,211.0,128.0,0.0,0.0,0.0
1996-09-13,200.0,133.0,28.0,0.0,0.0
1996-09-14,167.0,78.0,124.0,0.0,0.0
1996-09-15,139.0,78.0,10.0,0.0,0.0
1996-09-16,161.0,78.0,5.0,0.0,0.0
1996-09-17,167.0,106.0,264.0,0.0,0.0
1996-09-18,133.0,106.0,330.0,0.0,0.0
1996-09-19,161.0,83.0,0.0,0.0,0.0
1996-09-20,183.0,67.0,0.0,0.0,0.0
1996-09-21,206.0,83.0,0.0,0.0,0.0
1996-09-22,211.0,83.0,0.0,0.0,0.0
1996-09-23,156.0,83.0,163.0,0.0,0.0
1996-09-24,156.0,33.0,0.0,0.0,0.0
1996-09-25,111.0,44.0,0.0,0.0,0.0
1996-09-26,150.0,39.0,0.0,0.0,0.0
1996-09-27,156.0,56.0,0.0,0.0,0.0
1996-09-28,167.0,122.0,13.0,0.0,0.0
1996-09-29,183.0,67.0,152.0,0.0,0.0
1996-09-30,161.0,72.0,0.0,0.0,0.0
1996-10-01,178.0,78.0,0.0,0.0,0.0
1996-10-02,206.0,106.0,0.0,0.0,0.0
1996-10-03,139.0,28.0,18.0,0.0,0.0
1996-10-04,83.0,-22.0,0.0,0.0,0.0
1996-10-05,83.0,-28.0,0.0,0.0,0.0
1996-10-06,117.0,-17.0,0.0,0.0,0.0
1996-10-07,133.0,33.0,0.0,0.0,0.0
1996-10-08,167.0,44.0,0.0,0.0,0.0
1996-10-09,128.0,56.0,43.0,0.0,0.0
1996-10-10,167.0,61.0,28.0,0.0,0.0
1996-10-11,72.0,0.0,36.0,0.0,0.0
1996-10-12,67.0,-22.0,0.0,0.0,0.0
1996-10-13,111.0,-11.0,25.0,0.0,0.0
1996-10-14,167.0,72.0,0.0,0.0,0.0
1996-10-15,167.0,-11.0,0.0,0.0,0.0
1996-10-16,139.0,-6.0,0.0,0.0,0.0
1996-10-17,217.0,72.0,0.0,0.0,0.0
1996-10-18,206.0,100.0,0.0,0.0,0.0
1996-10-19,133.0,56.0,427.0,0.0,0.0
1996-10-20,94.0,33.0,564.0,0.0,0.0
1996-10-21,89.0,44.0,51.0,0.0,0.0
1996-10-22,72.0,50.0,23.0,0.0,0.0
1996-10-23,122.0,56.0,0.0,0.0,0.0
1996-10-24,167.0,33.0,107.0,0.0,0.0
1996-10-25,94.0,39.0,0.0,0.0,0.0
1996-10-26,167.0,50.0,0.0,0.0,0.0
1996-10-27,178.0,61.0,0.0,0.0,0.0
1996-10-28,178.0,61.0,0.0,0.0,0.0
1996-10-29,139.0,6.0,66.0,0.0,0.0
1996-10-30,117.0,28.0,10.0,0.0,0.0
1996-10-31,167.0,17.0,0.0,0.0,0.0
1996-11-01,89.0,-17.0,0.0,0.0,0.0
1996-11-02,61.0,-28.0,0.0,0.0,0.0
1996-11-03,22.0,-67.0,8.0,25.0,13.0
1996-11-04,22.0,-39.0,0.0,,0.0
1996-11-05,78.0,-11.0,0.0,,0.0
1996-11-06,78.0,39.0,8.0,,0.0
1996-11-07,139.0,78.0,18.0,0.0,0.0
1996-11-08,167.0,122.0,74.0,0.0,0.0
1996-11-09,172.0,11.0,612.0,0.0,0.0
1996-11-10,44.0,-22.0,30.0,,3.0
1996-11-11,-6.0,-50.0,48.0,76.0,5.0
1996-11-12,-6.0,-61.0,0.0,25.0,0.0
1996-11-13,-6.0,-89.0,33.0,25.0,13.0
1996-11-14,-17.0,-78.0,5.0,25.0,13.0
1996-11-15,-22.0,-94.0,0.0,25.0,0.0
1996-11-16,-22.0,-83.0,0.0,,0.0
1996-11-17,33.0,-50.0,0.0,,0.0
1996-11-18,100.0,-17.0,0.0,,0.0
1996-11-19,61.0,6.0,38.0,,0.0
1996-11-20,28.0,-28.0,0.0,0.0,0.0
1996-11-21,28.0,-44.0,0.0,0.0,0.0
1996-11-22,-11.0,-39.0,0.0,0.0,0.0
1996-11-23,0.0,-50.0,0.0,0.0,0.0
1996-11-24,44.0,-50.0,0.0,0.0,0.0
1996-11-25,28.0,-17.0,13.0,0.0,0.0
1996-11-26,89.0,28.0,165.0,0.0,0.0
1996-11-27,89.0,-83.0,51.0,51.0,5.0
1996-11-28,-61.0,-144.0,25.0,25.0,25.0
1996-11-29,-44.0,-100.0,28.0,51.0,25.0
1996-11-30,-11.0,-44.0,0.0,25.0,0.0
1996-12-01,72.0,-17.0,257.0,0.0,0.0
1996-12-02,122.0,-17.0,566.0,0.0,0.0
1996-12-03,11.0,-33.0,0.0,0.0,0.0
1996-12-04,44.0,-17.0,13.0,0.0,0.0
1996-12-05,22.0,-11.0,0.0,0.0,0.0
1996-12-06,22.0,-11.0,140.0,178.0,165.0
1996-12-07,6.0,-17.0,0.0,127.0,0.0
1996-12-08,6.0,-50.0,0.0,102.0,0.0
1996-12-09,17.0,-44.0,25.0,102.0,25.0
1996-12-10,-6.0,-50.0,0.0,102.0,0.0
1996-12-11,0.0,-50.0,0.0,102.0,0.0
1996-12-12,33.0,-6.0,104.0,25.0,0.0
1996-12-13,56.0,33.0,165.0,0.0,0.0
1996-12-14,44.0,-6.0,465.0,102.0,89.0
1996-12-15,-6.0,-17.0,8.0,76.0,0.0
1996-12-16,17.0,-17.0,0.0,25.0,0.0
1996-12-17,44.0,17.0,0.0,0.0,0.0
1996-12-18,61.0,11.0,13.0,0.0,0.0
1996-12-19,11.0,-22.0,25.0,25.0,25.0
1996-12-20,-22.0,-144.0,76.0,102.0,76.0
1996-12-21,-94.0,-167.0,0.0,102.0,0.0
1996-12-22,-67.0,-150.0,0.0,102.0,0.0
1996-12-23,-17.0,-67.0,33.0,102.0,0.0
1996-12-24,56.0,-17.0,30.0,,0.0
1996-12-25,67.0,-72.0,8.0,,0.0
1996-12-26,-44.0,-83.0,0.0,,
1996-12-27,-22.0,-72.0,0.0,,0.0
1996-12-28,28.0,-22.0,25.0,,0.0
1996-12-29,56.0,28.0,0.0,,0.0
1996-12-30,78.0,-11.0,79.0,0.0,0.0
1996-12-31,17.0,-44.0,0.0,0.0,0.0
1997-01-01,-17.0,-150.0,0.0,0.0,0.0
1997-01-02,-28.0,-139.0,10.0,0.0,0.0
1997-01-03,78.0,-33.0,10.0,0.0,
1997-01-04,128.0,22.0,0.0,0.0,
1997-01-05,83.0,28.0,0.0,0.0,0.0
1997-01-06,94.0,-11.0,28.0,0.0,0.0
1997-01-07,-6.0,-72.0,0.0,0.0,0.0
1997-01-08,-44.0,-94.0,0.0,0.0,0.0
1997-01-09,-33.0,-100.0,0.0,0.0,0.0
1997-01-10,-28.0,-89.0,102.0,127.0,127.0
1997-01-11,-28.0,-122.0,28.0,152.0,25.0
1997-01-12,-100.0,-161.0,0.0,152.0,0.0
1997-01-13,-94.0,-150.0,0.0,152.0,0.0
1997-01-14,-61.0,-122.0,0.0,127.0,0.0
1997-01-15,-56.0,-144.0,0.0,127.0,0.0
1997-01-16,-6.0,-128.0,178.0,203.0,203.0
1997-01-17,-11.0,-189.0,3.0,203.0,51.0
1997-01-18,-161.0,-211.0,25.0,229.0,25.0
1997-01-19,-150.0,-239.0,0.0,229.0,25.0
1997-01-20,-100.0,-239.0,0.0,229.0,0.0
1997-01-21,-39.0,-106.0,20.0,254.0,25.0
1997-01-22,-11.0,-106.0,0.0,203.0,0.0
1997-01-23,39.0,-11.0,43.0,102.0,0.0
1997-01-24,28.0,-128.0,0.0,102.0,0.0
1997-01-25,50.0,-83.0,249.0,178.0,127.0
1997-01-26,22.0,-89.0,0.0,76.0,0.0
1997-01-27,-67.0,-128.0,0.0,76.0,
1997-01-28,0.0,-89.0,152.0,203.0,152.0
1997-01-29,-6.0,-139.0,0.0,178.0,0.0
1997-01-30,-72.0,-156.0,0.0,178.0,0.0
1997-01-31,-33.0,-117.0,0.0,178.0,0.0
1997-02-01,0.0,-50.0,25.0,178.0,25.0
1997-02-02,17.0,-56.0,0.0,152.0,0.0
1997-02-03,17.0,-39.0,25.0,178.0,25.0
1997-02-04,22.0,-56.0,0.0,178.0,0.0
1997-02-05,17.0,-33.0,320.0,76.0,102.0
1997-02-06,17.0,-39.0,10.0,76.0,0.0
1997-02-07,0.0,-61.0,0.0,76.0,0.0
1997-02-08,0.0,-56.0,0.0,76.0,0.0
1997-02-09,-33.0,-139.0,0.0,76.0,
1997-02-10,-6.0,-128.0,0.0,76.0,0.0
1997-02-11,-50.0,-111.0,0.0,76.0,0.0
1997-02-12,-22.0,-94.0,25.0,102.0,25.0
1997-02-13,-28.0,-156.0,46.0,203.0,102.0
1997-02-14,-22.0,-150.0,127.0,178.0,127.0
1997-02-15,6.0,-22.0,25.0,152.0,0.0
1997-02-16,6.0,-139.0,0.0,127.0,0.0
1997-02-17,-44.0,-122.0,76.0,203.0,76.0
1997-02-18,-6.0,-117.0,0.0,203.0,0.0
1997-02-19,83.0,-17.0,0.0,203.0,0.0
1997-02-20,122.0,-28.0,0.0,102.0,0.0
1997-02-21,56.0,-28.0,30.0,102.0,0.0
1997-02-22,139.0,39.0,8.0,25.0,0.0
1997-02-23,122.0,-72.0,0.0,,0.0
1997-02-24,11.0,-56.0,0.0,0.0,0.0
1997-02-25,11.0,-144.0,0.0,0.0,0.0
1997-02-26,-17.0,-139.0,0.0,0.0,0.0
1997-02-27,78.0,-17.0,30.0,0.0,0.0
1997-02-28,161.0,-17.0,0.0,0.0,0.0
1997-03-01,78.0,-22.0,0.0,0.0,0.0
1997-03-02,94.0,22.0,0.0,0.0,3.0
1997-03-03,133.0,-33.0,0.0,0.0,0.0
1997-03-04,0.0,-28.0,127.0,76.0,76.0
1997-03-05,0.0,-22.0,25.0,102.0,25.0
1997-03-06,39.0,-22.0,188.0,,0.0
1997-03-07,11.0,-83.0,20.0,25.0,13.0
1997-03-08,0.0,-83.0,0.0,,3.0
1997-03-09,50.0,-94.0,0.0,,0.0
1997-03-10,11.0,-78.0,64.0,51.0,51.0
1997-03-11,72.0,-6.0,0.0,,0.0
1997-03-12,22.0,-72.0,0.0,,0.0
1997-03-13,22.0,-106.0,0.0,,0.0
1997-03-14,0.0,-94.0,127.0,51.0,51.0
1997-03-15,44.0,-50.0,51.0,51.0,25.0
1997-03-16,28.0,-56.0,0.0,,0.0
1997-03-17,-17.0,-106.0,132.0,25.0,13.0
1997-03-18,33.0,-44.0,0.0,,0.0
1997-03-19,11.0,-72.0,0.0,,0.0
1997-03-20,56.0,-61.0,25.0,25.0,25.0
1997-03-21,22.0,-39.0,0.0,,0.0
1997-03-22,94.0,-11.0,46.0,,0.0
1997-03-23,6.0,-111.0,23.0,25.0,25.0
1997-03-24,-17.0,-106.0,0.0,,0.0
1997-03-25,39.0,-78.0,0.0,0.0,0.0
1997-03-26,67.0,-17.0,196.0,0.0,0.0
1997-03-27,33.0,-17.0,0.0,0.0,0.0
1997-03-28,172.0,28.0,0.0,0.0,0.0
1997-03-29,189.0,89.0,0.0,0.0,0.0
1997-03-30,156.0,72.0,0.0,0.0,0.0
1997-03-31,122.0,-28.0,107.0,25.0,25.0
1997-04-01,-22.0,-56.0,216.0,,191.0
1997-04-02,28.0,-39.0,10.0,,0.0
1997-04-03,111.0,6.0,0.0,,0.0
1997-04-04,178.0,78.0,0.0,,0.0
1997-04-05,161.0,50.0,0.0,,0.0
1997-04-06,161.0,72.0,0.0,,0.0
1997-04-07,194.0,72.0,0.0,,0.0
1997-04-08,133.0,-17.0,0.0,,0.0
1997-04-09,89.0,-94.0,8.0,25.0,13.0
1997-04-10,0.0,-89.0,0.0,,0.0
1997-04-11,44.0,-67.0,0.0,,0.0
1997-04-12,61.0,-22.0,0.0,,0.0
1997-04-13,89.0,44.0,178.0,0.0,0.0
1997-04-14,94.0,-17.0,10.0,0.0,0.0
1997-04-15,89.0,-39.0,0.0,0.0,0.0
1997-04-16,122.0,0.0,0.0,0.0,0.0
1997-04-17,156.0,50.0,25.0,0.0,0.0
1997-04-18,106.0,-22.0,0.0,0.0,0.0
1997-04-19,22.0,-22.0,0.0,0.0,0.0
1997-04-20,22.0,-6.0,0.0,0.0,0.0
1997-04-21,67.0,-28.0,0.0,0.0,0.0
1997-04-22,111.0,6.0,0.0,0.0,0.0
1997-04-23,133.0,28.0,0.0,0.0,0.0
1997-04-24,128.0,22.0,81.0,0.0,0.0
1997-04-25,133.0,-6.0,10.0,0.0,0.0
1997-04-26,128.0,17.0,0.0,0.0,0.0
1997-04-27,150.0,22.0,0.0,0.0,0.0
1997-04-28,156.0,56.0,140.0,0.0,0.0
1997-04-29,128.0,22.0,0.0,0.0,0.0
1997-04-30,172.0,61.0,0.0,0.0,0.0
1997-05-01,211.0,106.0,0.0,0.0,0.0
1997-05-02,189.0,17.0,0.0,0.0,0.0
1997-05-03,,,,0.0,0.0
1997-05-04,150.0,33.0,,0.0,0.0
1997-05-05,122.0,17.0,0.0,0.0,0.0
1997-05-06,161.0,67.0,20.0,0.0,0.0
1997-05-07,128.0,-11.0,56.0,0.0,0.0
1997-05-08,89.0,-17.0,0.0,0.0,0.0
1997-05-09,106.0,50.0,25.0,0.0,0.0
1997-05-10,150.0,50.0,25.0,0.0,0.0
1997-05-11,150.0,33.0,0.0,0.0,0.0
1997-05-12,172.0,56.0,0.0,0.0,0.0
1997-05-13,194.0,61.0,10.0,0.0,0.0
1997-05-14,122.0,28.0,33.0,0.0,0.0
1997-05-15,156.0,83.0,0.0,0.0,0.0
1997-05-16,156.0,28.0,0.0,0.0,0.0
1997-05-17,106.0,28.0,0.0,0.0,0.0
1997-05-18,133.0,-6.0,0.0,0.0,0.0
1997-05-19,167.0,50.0,71.0,0.0,0.0
1997-05-20,250.0,78.0,137.0,0.0,0.0
1997-05-21,144.0,39.0,0.0,0.0,0.0
1997-05-22,100.0,33.0,0.0,0.0,0.0
1997-05-23,128.0,28.0,0.0,0.0,0.0
1997-05-24,172.0,61.0,0.0,0.0,0.0
1997-05-25,211.0,111.0,3.0,0.0,0.0
1997-05-26,128.0,50.0,142.0,0.0,0.0
1997-05-27,150.0,28.0,0.0,0.0,0.0
1997-05-28,172.0,44.0,0.0,0.0,0.0
1997-05-29,217.0,61.0,0.0,0.0,0.0
1997-05-30,206.0,94.0,23.0,0.0,0.0
1997-05-31,161.0,106.0,0.0,0.0,0.0
1997-06-01,233.0,139.0,0.0,0.0,0.0
1997-06-02,211.0,128.0,46.0,0.0,0.0
1997-06-03,128.0,67.0,203.0,0.0,0.0
1997-06-04,139.0,44.0,0.0,0.0,0.0
1997-06-05,211.0,83.0,0.0,0.0,0.0
1997-06-06,233.0,100.0,0.0,0.0,0.0
1997-06-07,206.0,100.0,0.0,0.0,0.0
1997-06-08,161.0,56.0,0.0,0.0,0.0
1997-06-09,206.0,83.0,0.0,0.0,0.0
1997-06-10,250.0,117.0,0.0,0.0,0.0
1997-06-11,283.0,128.0,0.0,0.0,0.0
1997-06-12,272.0,161.0,0.0,0.0,0.0
1997-06-13,244.0,150.0,48.0,0.0,0.0
1997-06-14,228.0,111.0,152.0,0.0,0.0
1997-06-15,200.0,50.0,0.0,0.0,0.0
1997-06-16,217.0,50.0,0.0,0.0,0.0
1997-06-17,228.0,139.0,10.0,0.0,0.0
1997-06-18,233.0,133.0,5.0,0.0,0.0
1997-06-19,206.0,150.0,170.0,0.0,0.0
1997-06-20,244.0,133.0,0.0,0.0,0.0
1997-06-21,267.0,183.0,0.0,0.0,0.0
1997-06-22,294.0,194.0,0.0,0.0,0.0
1997-06-23,267.0,128.0,89.0,0.0,0.0
1997-06-24,256.0,144.0,0.0,0.0,0.0
1997-06-25,256.0,161.0,69.0,0.0,0.0
1997-06-26,300.0,178.0,25.0,0.0,0.0
1997-06-27,244.0,128.0,13.0,0.0,0.0
1997-06-28,239.0,111.0,0.0,0.0,0.0
1997-06-29,267.0,139.0,0.0,0.0,0.0
1997-06-30,267.0,144.0,0.0,0.0,0.0
1997-07-01,261.0,172.0,0.0,0.0,0.0
1997-07-02,222.0,172.0,43.0,0.0,0.0
1997-07-03,206.0,172.0,18.0,0.0,0.0
1997-07-04,267.0,156.0,0.0,0.0,0.0
1997-07-05,228.0,83.0,0.0,0.0,0.0
1997-07-06,233.0,94.0,0.0,0.0,0.0
1997-07-07,239.0,139.0,0.0,0.0,0.0
1997-07-08,256.0,111.0,25.0,0.0,0.0
1997-07-09,261.0,144.0,127.0,0.0,0.0
1997-07-10,222.0,89.0,318.0,0.0,0.0
1997-07-11,228.0,94.0,0.0,0.0,0.0
1997-07-12,250.0,122.0,0.0,0.0,0.0
1997-07-13,272.0,139.0,0.0,0.0,0.0
1997-07-14,311.0,167.0,0.0,0.0,0.0
1997-07-15,306.0,200.0,0.0,0.0,0.0
1997-07-16,311.0,183.0,221.0,0.0,0.0
1997-07-17,300.0,172.0,0.0,0.0,0.0
1997-07-18,306.0,194.0,0.0,0.0,0.0
1997-07-19,300.0,128.0,18.0,0.0,0.0
1997-07-20,233.0,78.0,0.0,0.0,0.0
1997-07-21,244.0,133.0,0.0,0.0,0.0
1997-07-22,289.0,150.0,5.0,0.0,0.0
1997-07-23,239.0,144.0,0.0,0.0,0.0
1997-07-24,211.0,111.0,114.0,0.0,0.0
1997-07-25,178.0,133.0,8.0,0.0,0.0
1997-07-26,244.0,128.0,0.0,0.0,0.0
1997-07-27,261.0,178.0,0.0,0.0,0.0
1997-07-28,289.0,161.0,0.0,0.0,0.0
1997-07-29,256.0,133.0,18.0,0.0,0.0
1997-07-30,217.0,83.0,0.0,0.0,0.0
1997-07-31,244.0,106.0,0.0,0.0,0.0
1997-08-01,278.0,106.0,0.0,,0.0
1997-08-02,267.0,167.0,0.0,0.0,0.0
1997-08-03,267.0,178.0,0.0,0.0,0.0
1997-08-04,261.0,150.0,0.0,0.0,0.0
1997-08-05,178.0,106.0,231.0,0.0,0.0
1997-08-06,228.0,89.0,0.0,0.0,0.0
1997-08-07,217.0,89.0,0.0,0.0,0.0
1997-08-08,244.0,111.0,0.0,0.0,0.0
1997-08-09,239.0,139.0,0.0,0.0,0.0
1997-08-10,289.0,161.0,0.0,0.0,0.0
1997-08-11,278.0,161.0,0.0,0.0,0.0
1997-08-12,272.0,139.0,36.0,0.0,0.0
1997-08-13,239.0,144.0,196.0,0.0,0.0
1997-08-14,250.0,139.0,244.0,0.0,0.0
1997-08-15,233.0,122.0,0.0,0.0,0.0
1997-08-16,228.0,167.0,15.0,0.0,0.0
1997-08-17,294.0,172.0,137.0,0.0,0.0
1997-08-18,244.0,128.0,297.0,0.0,0.0
1997-08-19,217.0,78.0,0.0,0.0,0.0
1997-08-20,217.0,106.0,0.0,0.0,0.0
1997-08-21,167.0,117.0,213.0,0.0,0.0
1997-08-22,217.0,111.0,38.0,0.0,0.0
1997-08-23,189.0,122.0,41.0,0.0,0.0
1997-08-24,194.0,89.0,0.0,0.0,0.0
1997-08-25,206.0,122.0,0.0,0.0,0.0
1997-08-26,183.0,139.0,8.0,0.0,0.0
1997-08-27,222.0,150.0,0.0,0.0,0.0
1997-08-28,239.0,161.0,33.0,0.0,0.0
1997-08-29,239.0,128.0,0.0,0.0,0.0
1997-08-30,217.0,117.0,0.0,0.0,0.0
1997-08-31,222.0,133.0,0.0,0.0,0.0
1997-09-01,233.0,156.0,191.0,0.0,0.0
1997-09-02,250.0,156.0,0.0,0.0,0.0
1997-09-03,256.0,94.0,36.0,0.0,0.0
1997-09-04,150.0,44.0,0.0,0.0,0.0
1997-09-05,156.0,50.0,0.0,0.0,0.0
1997-09-06,217.0,78.0,0.0,0.0,0.0
1997-09-07,228.0,133.0,0.0,0.0,0.0
1997-09-08,233.0,128.0,10.0,0.0,0.0
1997-09-09,189.0,133.0,0.0,0.0,0.0
1997-09-10,183.0,133.0,0.0,0.0,0.0
1997-09-11,172.0,133.0,338.0,0.0,0.0
1997-09-12,194.0,133.0,89.0,0.0,0.0
1997-09-13,206.0,117.0,0.0,0.0,0.0
1997-09-14,200.0,128.0,0.0,0.0,0.0
1997-09-15,206.0,94.0,0.0,0.0,0.0
1997-09-16,228.0,100.0,0.0,0.0,0.0
1997-09-17,233.0,122.0,0.0,0.0,0.0
1997-09-18,228.0,133.0,30.0,0.0,0.0
1997-09-19,233.0,111.0,0.0,0.0,0.0
1997-09-20,228.0,156.0,38.0,0.0,0.0
1997-09-21,206.0,44.0,23.0,0.0,0.0
1997-09-22,122.0,17.0,0.0,0.0,0.0
1997-09-23,156.0,39.0,0.0,0.0,0.0
1997-09-24,156.0,39.0,5.0,0.0,0.0
1997-09-25,133.0,39.0,0.0,0.0,0.0
1997-09-26,161.0,61.0,0.0,0.0,0.0
1997-09-27,178.0,17.0,0.0,0.0,0.0
1997-09-28,178.0,33.0,0.0,0.0,0.0
1997-09-29,167.0,100.0,249.0,0.0,0.0
1997-09-30,183.0,106.0,18.0,0.0,0.0
1997-10-01,161.0,50.0,38.0,0.0,0.0
1997-10-02,89.0,-17.0,5.0,0.0,0.0
1997-10-03,122.0,-6.0,15.0,0.0,0.0
1997-10-04,156.0,67.0,0.0,0.0,0.0
1997-10-05,211.0,106.0,13.0,0.0,0.0
1997-10-06,233.0,144.0,0.0,0.0,0.0
1997-10-07,261.0,117.0,0.0,0.0,0.0
1997-10-08,239.0,128.0,0.0,0.0,0.0
1997-10-09,233.0,133.0,0.0,0.0,0.0
1997-10-10,239.0,139.0,0.0,0.0,0.0
1997-10-11,239.0,56.0,0.0,0.0,0.0
1997-10-12,156.0,39.0,0.0,0.0,0.0
1997-10-13,178.0,61.0,0.0,0.0,0.0
1997-10-14,189.0,100.0,0.0,0.0,0.0
1997-10-15,183.0,61.0,84.0,0.0,0.0
1997-10-16,128.0,11.0,0.0,0.0,0.0
1997-10-17,117.0,-17.0,0.0,0.0,0.0
1997-10-18,,,0.0,0.0,0.0
1997-10-19,128.0,-6.0,0.0,0.0,0.0
1997-10-20,122.0,11.0,0.0,0.0,0.0
1997-10-21,139.0,-28.0,0.0,0.0,0.0
1997-10-22,94.0,-17.0,0.0,0.0,0.0
1997-10-23,44.0,-39.0,0.0,0.0,0.0
1997-10-24,33.0,-39.0,0.0,0.0,0.0
1997-10-25,89.0,33.0,112.0,0.0,0.0
1997-10-26,56.0,-33.0,10.0,0.0,0.0
1997-10-27,100.0,-6.0,117.0,0.0,0.0
1997-10-28,89.0,0.0,8.0,0.0,0.0
1997-10-29,67.0,-28.0,0.0,0.0,0.0
1997-10-30,94.0,6.0,0.0,0.0,0.0
1997-10-31,128.0,44.0,0.0,0.0,0.0
1997-11-01,133.0,67.0,0.0,0.0,0.0
1997-11-02,133.0,100.0,180.0,0.0,0.0
1997-11-03,111.0,17.0,140.0,0.0,0.0
1997-11-04,106.0,17.0,38.0,0.0,0.0
1997-11-05,39.0,-33.0,10.0,0.0,0.0
1997-11-06,83.0,-11.0,0.0,0.0,0.0
1997-11-07,111.0,-11.0,58.0,0.0,0.0
1997-11-08,56.0,22.0,127.0,0.0,0.0
1997-11-09,50.0,28.0,61.0,0.0,0.0
1997-11-10,50.0,0.0,46.0,0.0,0.0
1997-11-11,33.0,6.0,0.0,0.0,0.0
1997-11-12,44.0,-39.0,0.0,0.0,0.0
1997-11-13,17.0,-78.0,0.0,0.0,0.0
1997-11-14,11.0,-61.0,145.0,51.0,38.0
1997-11-15,-22.0,-50.0,107.0,152.0,102.0
1997-11-16,-22.0,-44.0,33.0,152.0,64.0
1997-11-17,-17.0,-61.0,0.0,178.0,0.0
1997-11-18,-17.0,-89.0,0.0,152.0,0.0
1997-11-19,-6.0,-89.0,0.0,127.0,0.0
1997-11-20,33.0,-39.0,0.0,127.0,0.0
1997-11-21,33.0,-33.0,0.0,127.0,0.0
1997-11-22,67.0,0.0,147.0,76.0,0.0
1997-11-23,11.0,0.0,3.0,,0.0
1997-11-24,28.0,-44.0,20.0,25.0,0.0
1997-11-25,-17.0,-100.0,0.0,,0.0
1997-11-26,39.0,-78.0,0.0,,0.0
1997-11-27,72.0,0.0,28.0,,0.0
1997-11-28,33.0,-28.0,8.0,,
1997-11-29,56.0,6.0,5.0,,
1997-11-30,72.0,6.0,20.0,0.0,0.0
1997-12-01,28.0,-67.0,0.0,0.0,0.0
1997-12-02,50.0,-56.0,0.0,0.0,0.0
1997-12-03,17.0,-56.0,0.0,0.0,0.0
1997-12-04,61.0,-50.0,91.0,0.0,0.0
1997-12-05,56.0,-11.0,25.0,25.0,25.0
1997-12-06,-6.0,-56.0,20.0,76.0,25.0
1997-12-07,-39.0,-67.0,20.0,76.0,25.0
1997-12-08,-6.0,-44.0,0.0,51.0,0.0
1997-12-09,11.0,-72.0,0.0,25.0,0.0
1997-12-10,0.0,-56.0,0.0,25.0,0.0
1997-12-11,0.0,-17.0,157.0,178.0,152.0
1997-12-12,-6.0,-17.0,18.0,178.0,25.0
1997-12-13,-11.0,-61.0,0.0,152.0,0.0
1997-12-14,-22.0,-56.0,0.0,152.0,0.0
1997-12-15,-6.0,-100.0,0.0,152.0,0.0
1997-12-16,17.0,-67.0,0.0,127.0,0.0
1997-12-17,83.0,-22.0,0.0,102.0,0.0
1997-12-18,44.0,-67.0,0.0,76.0,0.0
1997-12-19,33.0,-61.0,0.0,76.0,0.0
1997-12-20,67.0,0.0,0.0,51.0,0.0
1997-12-21,17.0,-72.0,5.0,25.0,0.0
1997-12-22,-22.0,-111.0,0.0,25.0,0.0
1997-12-23,0.0,-83.0,109.0,51.0,38.0
1997-12-24,6.0,-83.0,0.0,51.0,0.0
1997-12-25,22.0,-33.0,97.0,25.0,
1997-12-26,28.0,0.0,5.0,25.0,
1997-12-27,17.0,-28.0,13.0,51.0,13.0
1997-12-28,-6.0,-56.0,13.0,51.0,13.0
1997-12-29,-17.0,-72.0,0.0,51.0,0.0
1997-12-30,-17.0,-39.0,208.0,330.0,292.0
1997-12-31,-28.0,-106.0,79.0,356.0,8.0
1998-01-01,-89.0,-178.0,0.0,305.0,0.0
1998-01-02,-6.0,-156.0,0.0,305.0,0.0
1998-01-03,67.0,-6.0,0.0,254.0,0.0
1998-01-04,89.0,50.0,0.0,102.0,0.0
1998-01-05,100.0,50.0,10.0,25.0,0.0
1998-01-06,122.0,56.0,69.0,0.0,0.0
1998-01-07,133.0,94.0,33.0,0.0,0.0
1998-01-08,161.0,117.0,411.0,0.0,0.0
1998-01-09,161.0,100.0,528.0,0.0,0.0
1998-01-10,128.0,-17.0,211.0,0.0,0.0
1998-01-11,28.0,-28.0,0.0,0.0,0.0
1998-01-12,33.0,-78.0,0.0,0.0,0.0
1998-01-13,11.0,-72.0,8.0,0.0,0.0
1998-01-14,17.0,-117.0,0.0,0.0,0.0
1998-01-15,-44.0,-117.0,0.0,0.0,0.0
1998-01-16,22.0,-67.0,160.0,0.0,0.0
1998-01-17,0.0,-44.0,8.0,0.0,0.0
1998-01-18,-6.0,-44.0,71.0,102.0,89.0
1998-01-19,-17.0,-83.0,15.0,102.0,13.0
1998-01-20,-17.0,-67.0,20.0,127.0,13.0
1998-01-21,-28.0,-94.0,0.0,102.0,0.0
1998-01-22,-44.0,-83.0,0.0,102.0,0.0
1998-01-23,-11.0,-83.0,127.0,102.0,102.0
1998-01-24,11.0,-17.0,137.0,127.0,76.0
1998-01-25,-6.0,-56.0,0.0,127.0,0.0
1998-01-26,-28.0,-89.0,0.0,102.0,0.0
1998-01-27,0.0,-78.0,0.0,102.0,0.0
1998-01-28,-6.0,-44.0,13.0,127.0,8.0
1998-01-29,0.0,-61.0,0.0,102.0,0.0
1998-01-30,61.0,-61.0,23.0,76.0,0.0
1998-01-31,0.0,-44.0,15.0,102.0,13.0
1998-02-01,-17.0,-83.0,0.0,76.0,0.0
1998-02-02,39.0,-72.0,0.0,76.0,0.0
1998-02-03,39.0,-22.0,0.0,51.0,0.0
1998-02-04,6.0,-39.0,0.0,51.0,0.0
1998-02-05,-17.0,-39.0,168.0,127.0,76.0
1998-02-06,-6.0,-100.0,0.0,127.0,0.0
1998-02-07,22.0,-94.0,0.0,127.0,0.0
1998-02-08,28.0,-89.0,0.0,102.0,0.0
1998-02-09,33.0,-72.0,0.0,102.0,0.0
1998-02-10,89.0,-50.0,0.0,76.0,0.0
1998-02-11,83.0,-6.0,0.0,51.0,0.0
1998-02-12,56.0,22.0,124.0,25.0,0.0
1998-02-13,39.0,-28.0,33.0,25.0,0.0
1998-02-14,-11.0,-94.0,0.0,25.0,0.0
1998-02-15,-50.0,-156.0,0.0,25.0,0.0
1998-02-16,-6.0,-150.0,0.0,,0.0
1998-02-17,22.0,-56.0,38.0,25.0,0.0
1998-02-18,39.0,-6.0,366.0,0.0,
1998-02-19,67.0,22.0,99.0,0.0,
1998-02-20,50.0,11.0,8.0,0.0,0.0
1998-02-21,33.0,0.0,10.0,0.0,0.0
1998-02-22,28.0,-6.0,0.0,0.0,0.0
1998-02-23,50.0,-28.0,0.0,0.0,0.0
1998-02-24,50.0,-17.0,249.0,305.0,305.0
1998-02-25,-11.0,-28.0,259.0,559.0,254.0
1998-02-26,56.0,-28.0,0.0,457.0,0.0
1998-02-27,61.0,-39.0,0.0,305.0,0.0
1998-02-28,122.0,-22.0,0.0,254.0,0.0
1998-03-01,111.0,17.0,152.0,152.0,0.0
1998-03-02,67.0,0.0,10.0,51.0,0.0
1998-03-03,78.0,-17.0,0.0,25.0,0.0
1998-03-04,22.0,-28.0,20.0,25.0,13.0
1998-03-05,22.0,-28.0,18.0,25.0,13.0
1998-03-06,11.0,-56.0,10.0,,13.0
1998-03-07,44.0,-17.0,0.0,,0.0
1998-03-08,83.0,-6.0,0.0,,0.0
1998-03-09,83.0,17.0,201.0,0.0,0.0
1998-03-10,128.0,-22.0,173.0,0.0,0.0
1998-03-11,-17.0,-122.0,0.0,0.0,0.0
1998-03-12,-61.0,-139.0,0.0,0.0,0.0
1998-03-13,-56.0,-117.0,8.0,0.0,0.0
1998-03-14,-11.0,-89.0,33.0,76.0,64.0
1998-03-15,-6.0,-61.0,30.0,127.0,64.0
1998-03-16,-6.0,-106.0,8.0,76.0,0.0
1998-03-17,0.0,-94.0,0.0,51.0,0.0
1998-03-18,44.0,-39.0,30.0,25.0,0.0
1998-03-19,22.0,-11.0,20.0,,0.0
1998-03-20,56.0,11.0,20.0,,0.0
1998-03-21,56.0,0.0,170.0,,0.0
1998-03-22,0.0,-50.0,86.0,76.0,64.0
1998-03-23,-33.0,-67.0,10.0,76.0,13.0
1998-03-24,28.0,-78.0,0.0,25.0,0.0
1998-03-25,28.0,-67.0,0.0,,0.0
1998-03-26,72.0,-22.0,0.0,,0.0
1998-03-27,167.0,33.0,0.0,,0.0
1998-03-28,228.0,144.0,0.0,0.0,0.0
1998-03-29,233.0,133.0,0.0,0.0,0.0
1998-03-30,228.0,128.0,0.0,0.0,0.0
1998-03-31,267.0,144.0,0.0,0.0,0.0
1998-04-01,267.0,156.0,0.0,0.0,0.0
1998-04-02,178.0,78.0,224.0,0.0,0.0
1998-04-03,122.0,39.0,0.0,0.0,0.0
1998-04-04,89.0,0.0,0.0,0.0,0.0
1998-04-05,33.0,-22.0,0.0,0.0,0.0
1998-04-06,78.0,-11.0,0.0,0.0,0.0
1998-04-07,100.0,-28.0,0.0,0.0,0.0
1998-04-08,156.0,-17.0,0.0,0.0,0.0
1998-04-09,128.0,39.0,71.0,0.0,0.0
1998-04-10,56.0,-6.0,391.0,51.0,51.0
1998-04-11,78.0,-22.0,0.0,,0.0
1998-04-12,117.0,-6.0,0.0,,0.0
1998-04-13,,,0.0,0.0,0.0
1998-04-14,172.0,72.0,0.0,0.0,0.0
1998-04-15,172.0,94.0,13.0,0.0,0.0
1998-04-16,150.0,72.0,0.0,0.0,0.0
1998-04-17,150.0,122.0,0.0,0.0,0.0
1998-04-18,178.0,11.0,5.0,0.0,0.0
1998-04-19,144.0,44.0,36.0,0.0,0.0
1998-04-20,56.0,22.0,389.0,0.0,0.0
1998-04-21,117.0,17.0,8.0,0.0,0.0
1998-04-22,161.0,56.0,0.0,0.0,0.0
1998-04-23,167.0,67.0,0.0,0.0,0.0
1998-04-24,144.0,39.0,0.0,0.0,0.0
1998-04-25,194.0,44.0,0.0,0.0,0.0
1998-04-26,150.0,28.0,10.0,0.0,0.0
1998-04-27,56.0,-28.0,178.0,0.0,13.0
1998-04-28,72.0,-17.0,0.0,0.0,0.0
1998-04-29,122.0,17.0,0.0,0.0,0.0
1998-04-30,194.0,56.0,0.0,0.0,0.0
1998-05-01,178.0,117.0,0.0,0.0,0.0
1998-05-02,200.0,100.0,15.0,0.0,0.0
1998-05-03,144.0,100.0,56.0,0.0,0.0
1998-05-04,156.0,100.0,18.0,0.0,0.0
1998-05-05,178.0,117.0,79.0,0.0,0.0
1998-05-06,139.0,106.0,64.0,0.0,0.0
1998-05-07,194.0,89.0,5.0,0.0,0.0
1998-05-08,217.0,106.0,76.0,0.0,0.0
1998-05-09,133.0,117.0,91.0,0.0,0.0
1998-05-10,150.0,106.0,107.0,0.0,0.0
1998-05-11,133.0,89.0,203.0,0.0,0.0
1998-05-12,122.0,72.0,122.0,0.0,0.0
1998-05-13,172.0,44.0,0.0,0.0,0.0
1998-05-14,228.0,67.0,0.0,0.0,0.0
1998-05-15,256.0,106.0,0.0,0.0,0.0
1998-05-16,267.0,128.0,0.0,0.0,0.0
1998-05-17,300.0,161.0,0.0,0.0,0.0
1998-05-18,261.0,122.0,0.0,0.0,0.0
1998-05-19,250.0,150.0,0.0,0.0,0.0
1998-05-20,272.0,144.0,0.0,0.0,0.0
1998-05-21,278.0,133.0,0.0,0.0,0.0
1998-05-22,206.0,67.0,0.0,0.0,0.0
1998-05-23,133.0,28.0,0.0,0.0,0.0
1998-05-24,200.0,28.0,0.0,0.0,0.0
1998-05-25,233.0,106.0,0.0,0.0,0.0
1998-05-26,211.0,111.0,0.0,0.0,0.0
1998-05-27,244.0,94.0,0.0,0.0,0.0
1998-05-28,250.0,122.0,0.0,0.0,0.0
1998-05-29,256.0,161.0,0.0,0.0,0.0
1998-05-30,283.0,139.0,221.0,0.0,0.0
1998-05-31,250.0,167.0,0.0,0.0,0.0
1998-06-01,267.0,100.0,132.0,0.0,0.0
1998-06-02,178.0,78.0,0.0,0.0,0.0
1998-06-03,228.0,67.0,119.0,0.0,0.0
1998-06-04,144.0,39.0,0.0,0.0,0.0
1998-06-05,161.0,,0.0,0.0,0.0
1998-06-06,161.0,44.0,8.0,0.0,0.0
1998-06-07,167.0,44.0,0.0,0.0,0.0
1998-06-08,122.0,61.0,23.0,0.0,0.0
1998-06-09,144.0,61.0,0.0,0.0,0.0
1998-06-10,200.0,106.0,0.0,0.0,0.0
1998-06-11,189.0,111.0,23.0,0.0,0.0
1998-06-12,144.0,122.0,338.0,0.0,0.0
1998-06-13,178.0,144.0,112.0,0.0,0.0
1998-06-14,217.0,133.0,363.0,0.0,0.0
1998-06-15,206.0,122.0,8.0,0.0,0.0
1998-06-16,178.0,150.0,36.0,0.0,0.0
1998-06-17,233.0,139.0,173.0,0.0,0.0
1998-06-18,233.0,144.0,71.0,0.0,0.0
1998-06-19,233.0,133.0,5.0,0.0,0.0
1998-06-20,256.0,156.0,0.0,0.0,0.0
1998-06-21,267.0,156.0,0.0,0.0,0.0
1998-06-22,278.0,189.0,0.0,0.0,0.0
1998-06-23,228.0,189.0,20.0,0.0,0.0
1998-06-24,272.0,172.0,99.0,0.0,0.0
1998-06-25,272.0,178.0,0.0,0.0,0.0
1998-06-26,289.0,194.0,15.0,0.0,0.0
1998-06-27,261.0,194.0,0.0,0.0,0.0
1998-06-28,233.0,144.0,0.0,0.0,0.0
1998-06-29,256.0,167.0,0.0,0.0,0.0
1998-06-30,256.0,183.0,30.0,0.0,0.0
1998-07-01,244.0,128.0,0.0,0.0,0.0
1998-07-02,200.0,117.0,0.0,0.0,0.0
1998-07-03,244.0,117.0,0.0,0.0,0.0
1998-07-04,261.0,150.0,0.0,0.0,0.0
1998-07-05,233.0,144.0,69.0,0.0,0.0
1998-07-06,222.0,100.0,0.0,0.0,0.0
1998-07-07,239.0,156.0,0.0,0.0,0.0
1998-07-08,222.0,150.0,38.0,0.0,0.0
1998-07-09,167.0,139.0,36.0,0.0,0.0
1998-07-10,250.0,139.0,0.0,0.0,0.0
1998-07-11,228.0,106.0,0.0,0.0,0.0
1998-07-12,222.0,106.0,0.0,0.0,0.0
1998-07-13,244.0,133.0,0.0,0.0,0.0
1998-07-14,267.0,172.0,0.0,0.0,0.0
1998-07-15,267.0,178.0,0.0,0.0,0.0
1998-07-16,250.0,194.0,0.0,0.0,0.0
1998-07-17,256.0,183.0,0.0,0.0,0.0
1998-07-18,278.0,150.0,0.0,0.0,0.0
1998-07-19,250.0,128.0,0.0,0.0,0.0
1998-07-20,267.0,189.0,180.0,0.0,0.0
1998-07-21,267.0,172.0,10.0,0.0,0.0
1998-07-22,256.0,172.0,155.0,0.0,0.0
1998-07-23,283.0,194.0,0.0,0.0,0.0
1998-07-24,267.0,133.0,66.0,0.0,0.0
1998-07-25,222.0,111.0,0.0,0.0,0.0
1998-07-26,222.0,111.0,10.0,0.0,0.0
1998-07-27,239.0,156.0,0.0,0.0,0.0
1998-07-28,244.0,161.0,0.0,0.0,0.0
1998-07-29,267.0,172.0,0.0,0.0,0.0
1998-07-30,256.0,133.0,0.0,0.0,0.0
1998-07-31,222.0,156.0,10.0,0.0,0.0
1998-08-01,228.0,89.0,0.0,0.0,0.0
1998-08-02,228.0,100.0,0.0,0.0,0.0
1998-08-03,256.0,133.0,0.0,0.0,0.0
1998-08-04,261.0,144.0,0.0,0.0,0.0
1998-08-05,272.0,172.0,0.0,0.0,0.0
1998-08-06,272.0,172.0,0.0,0.0,0.0
1998-08-07,272.0,133.0,0.0,0.0,0.0
1998-08-08,278.0,161.0,0.0,0.0,0.0
1998-08-09,267.0,178.0,0.0,0.0,0.0
1998-08-10,267.0,189.0,84.0,0.0,0.0
1998-08-11,217.0,172.0,94.0,0.0,0.0
1998-08-12,272.0,156.0,0.0,0.0,0.0
1998-08-13,239.0,94.0,0.0,0.0,0.0
1998-08-14,244.0,128.0,8.0,0.0,0.0
1998-08-15,211.0,172.0,13.0,0.0,0.0
1998-08-16,222.0,178.0,0.0,0.0,0.0
1998-08-17,278.0,172.0,5.0,0.0,0.0
1998-08-18,206.0,161.0,71.0,0.0,0.0
1998-08-19,211.0,67.0,41.0,0.0,0.0
1998-08-20,183.0,61.0,0.0,0.0,0.0
1998-08-21,222.0,100.0,0.0,0.0,0.0
1998-08-22,278.0,144.0,0.0,0.0,0.0
1998-08-23,272.0,172.0,109.0,0.0,0.0
1998-08-24,267.0,189.0,0.0,0.0,0.0
1998-08-25,272.0,172.0,0.0,0.0,0.0
1998-08-26,228.0,172.0,64.0,0.0,0.0
1998-08-27,283.0,144.0,0.0,0.0,0.0
1998-08-28,261.0,128.0,0.0,0.0,0.0
1998-08-29,283.0,156.0,0.0,0.0,0.0
1998-08-30,228.0,161.0,0.0,0.0,0.0
1998-08-31,256.0,128.0,48.0,0.0,0.0
1998-09-01,239.0,106.0,0.0,0.0,0.0
1998-09-02,239.0,144.0,0.0,0.0,0.0
1998-09-03,206.0,83.0,224.0,0.0,0.0
1998-09-04,211.0,111.0,0.0,0.0,0.0
1998-09-05,239.0,94.0,0.0,0.0,0.0
1998-09-06,239.0,100.0,0.0,0.0,0.0
1998-09-07,278.0,178.0,0.0,0.0,0.0
1998-09-08,222.0,89.0,132.0,0.0,0.0
1998-09-09,156.0,72.0,0.0,0.0,0.0
1998-09-10,144.0,72.0,15.0,0.0,0.0
1998-09-11,178.0,78.0,0.0,0.0,0.0
1998-09-12,239.0,106.0,0.0,0.0,0.0
1998-09-13,289.0,139.0,0.0,0.0,0.0
1998-09-14,244.0,156.0,0.0,0.0,0.0
1998-09-15,278.0,183.0,0.0,0.0,0.0
1998-09-16,272.0,189.0,23.0,0.0,0.0
1998-09-17,222.0,133.0,28.0,0.0,0.0
1998-09-18,239.0,89.0,5.0,0.0,0.0
1998-09-19,244.0,94.0,0.0,0.0,0.0
1998-09-20,189.0,150.0,0.0,0.0,0.0
1998-09-21,222.0,167.0,5.0,0.0,0.0
1998-09-22,244.0,133.0,48.0,0.0,0.0
1998-09-23,183.0,39.0,145.0,0.0,0.0
1998-09-24,139.0,28.0,0.0,0.0,0.0
1998-09-25,167.0,44.0,0.0,0.0,0.0
1998-09-26,144.0,111.0,33.0,0.0,0.0
1998-09-27,222.0,144.0,5.0,0.0,0.0
1998-09-28,272.0,122.0,30.0,0.0,0.0
1998-09-29,272.0,50.0,0.0,0.0,0.0
1998-09-30,189.0,56.0,0.0,0.0,0.0
1998-10-01,217.0,128.0,13.0,,0.0
1998-10-02,150.0,17.0,0.0,,0.0
1998-10-03,133.0,44.0,0.0,,0.0
1998-10-04,94.0,44.0,84.0,,0.0
1998-10-05,122.0,50.0,0.0,,0.0
1998-10-06,178.0,17.0,0.0,,0.0
1998-10-07,150.0,61.0,0.0,,0.0
1998-10-08,156.0,94.0,246.0,,0.0
1998-10-09,167.0,83.0,279.0,,0.0
1998-10-10,111.0,83.0,119.0,,0.0
1998-10-11,111.0,89.0,8.0,,0.0
1998-10-12,156.0,83.0,0.0,,0.0
1998-10-13,183.0,83.0,0.0,,0.0
1998-10-14,183.0,56.0,74.0,,0.0
1998-10-15,111.0,56.0,0.0,,0.0
1998-10-16,111.0,0.0,0.0,,0.0
1998-10-17,,,0.0,,0.0
1998-10-18,178.0,67.0,0.0,,0.0
1998-10-19,217.0,89.0,15.0,,0.0
1998-10-20,161.0,44.0,0.0,,0.0
1998-10-21,144.0,44.0,0.0,,0.0
1998-10-22,83.0,-11.0,25.0,,
1998-10-23,50.0,-11.0,0.0,,
1998-10-24,139.0,-11.0,0.0,,0.0
1998-10-25,172.0,44.0,0.0,,0.0
1998-10-26,183.0,83.0,0.0,,0.0
1998-10-27,172.0,83.0,0.0,,0.0
1998-10-28,100.0,83.0,10.0,,0.0
1998-10-29,144.0,39.0,64.0,,0.0
1998-10-30,78.0,0.0,0.0,,0.0
1998-10-31,94.0,0.0,0.0,,0.0
1998-11-01,94.0,0.0,0.0,0.0,0.0
1998-11-02,72.0,22.0,0.0,0.0,0.0
1998-11-03,56.0,-17.0,0.0,0.0,0.0
1998-11-04,50.0,-56.0,0.0,0.0,0.0
1998-11-05,17.0,-39.0,0.0,0.0,0.0
1998-11-06,33.0,-17.0,3.0,0.0,0.0
1998-11-07,17.0,-28.0,0.0,0.0,0.0
1998-11-08,33.0,0.0,10.0,0.0,0.0
1998-11-09,39.0,6.0,5.0,0.0,0.0
1998-11-10,50.0,0.0,15.0,0.0,0.0
1998-11-11,144.0,28.0,211.0,0.0,0.0
1998-11-12,100.0,0.0,0.0,0.0,0.0
1998-11-13,83.0,6.0,0.0,0.0,0.0
1998-11-14,56.0,0.0,0.0,0.0,0.0
1998-11-15,111.0,11.0,0.0,0.0,0.0
1998-11-16,83.0,-6.0,0.0,0.0,0.0
1998-11-17,,,0.0,0.0,0.0
1998-11-18,61.0,-28.0,5.0,0.0,0.0
1998-11-19,50.0,-28.0,0.0,0.0,0.0
1998-11-20,78.0,22.0,0.0,0.0,0.0
1998-11-21,83.0,-11.0,71.0,0.0,0.0
1998-11-22,17.0,-39.0,0.0,0.0,0.0
1998-11-23,56.0,-28.0,0.0,0.0,0.0
1998-11-24,128.0,11.0,0.0,0.0,0.0
1998-11-25,100.0,-28.0,0.0,0.0,0.0
1998-11-26,67.0,-11.0,64.0,0.0,0.0
1998-11-27,83.0,17.0,8.0,0.0,0.0
1998-11-28,44.0,-22.0,0.0,0.0,0.0
1998-11-29,139.0,44.0,0.0,0.0,0.0
1998-11-30,144.0,111.0,0.0,0.0,0.0
1998-12-01,133.0,61.0,0.0,0.0,0.0
1998-12-02,89.0,11.0,0.0,0.0,0.0
1998-12-03,128.0,39.0,0.0,0.0,0.0
1998-12-04,150.0,89.0,0.0,0.0,0.0
1998-12-05,178.0,100.0,41.0,0.0,0.0
1998-12-06,178.0,106.0,0.0,0.0,0.0
1998-12-07,161.0,111.0,0.0,0.0,0.0
1998-12-08,172.0,17.0,0.0,0.0,0.0
1998-12-09,44.0,-28.0,0.0,0.0,0.0
1998-12-10,50.0,-39.0,0.0,0.0,0.0
1998-12-11,44.0,-17.0,0.0,0.0,0.0
1998-12-12,17.0,-39.0,0.0,0.0,0.0
1998-12-13,17.0,-39.0,0.0,0.0,0.0
1998-12-14,56.0,-61.0,0.0,0.0,0.0
1998-12-15,6.0,-56.0,0.0,0.0,0.0
1998-12-16,44.0,-44.0,0.0,0.0,0.0
1998-12-17,33.0,-28.0,30.0,25.0,25.0
1998-12-18,6.0,-56.0,3.0,25.0,0.0
1998-12-19,6.0,-56.0,0.0,,0.0
1998-12-20,39.0,0.0,5.0,,0.0
1998-12-21,33.0,0.0,8.0,,0.0
1998-12-22,106.0,11.0,330.0,0.0,0.0
1998-12-23,11.0,-144.0,0.0,0.0,0.0
1998-12-24,-89.0,-139.0,0.0,0.0,0.0
1998-12-25,-33.0,-139.0,0.0,0.0,0.0
1998-12-26,-39.0,-117.0,0.0,0.0,0.0
1998-12-27,-33.0,-94.0,0.0,0.0,0.0
1998-12-28,-6.0,-78.0,0.0,0.0,0.0
1998-12-29,11.0,-56.0,0.0,0.0,0.0
1998-12-30,11.0,-128.0,229.0,25.0,25.0
1998-12-31,-111.0,-133.0,0.0,25.0,0.0
1999-01-01,-94.0,-133.0,10.0,51.0,25.0
1999-01-02,-83.0,-200.0,5.0,51.0,13.0
1999-01-03,28.0,-167.0,295.0,76.0,64.0
1999-01-04,33.0,-128.0,20.0,76.0,0.0
1999-01-05,-94.0,-172.0,0.0,51.0,0.0
1999-01-06,-83.0,-167.0,0.0,51.0,0.0
1999-01-07,-61.0,-167.0,20.0,102.0,38.0
1999-01-08,-72.0,117.0,0.0,102.0,0.0
1999-01-09,17.0,-150.0,330.0,76.0,0.0
1999-01-10,17.0,-161.0,102.0,127.0,64.0
1999-01-11,-100.0,-156.0,18.0,152.0,13.0
1999-01-12,-50.0,-150.0,23.0,203.0,38.0
1999-01-13,33.0,-50.0,18.0,127.0,0.0
1999-01-14,39.0,-172.0,140.0,229.0,152.0
1999-01-15,-6.0,-161.0,229.0,279.0,89.0
1999-01-16,-6.0,-128.0,43.0,356.0,64.0
1999-01-17,6.0,-89.0,0.0,356.0,0.0
1999-01-18,56.0,-22.0,36.0,279.0,0.0
1999-01-19,72.0,-11.0,277.0,152.0,3.0
1999-01-20,33.0,-39.0,0.0,152.0,0.0
1999-01-21,44.0,-28.0,0.0,127.0,0.0
1999-01-22,33.0,11.0,30.0,102.0,0.0
1999-01-23,61.0,28.0,10.0,76.0,0.0
1999-01-24,128.0,56.0,335.0,0.0,0.0
1999-01-25,83.0,-22.0,254.0,0.0,25.0
1999-01-26,0.0,-72.0,61.0,102.0,137.0
1999-01-27,6.0,-72.0,0.0,,5.0
1999-01-28,39.0,0.0,0.0,,0.0
1999-01-29,72.0,-72.0,0.0,,0.0
1999-01-30,-22.0,-89.0,0.0,,0.0
1999-01-31,-17.0,-144.0,0.0,,0.0
1999-02-01,6.0,-144.0,0.0,0.0,0.0
1999-02-02,28.0,-83.0,198.0,0.0,0.0
1999-02-03,56.0,-83.0,10.0,0.0,0.0
1999-02-04,78.0,-6.0,0.0,0.0,0.0
1999-02-05,56.0,-72.0,0.0,0.0,0.0
1999-02-06,-6.0,-78.0,20.0,0.0,0.0
1999-02-07,22.0,-22.0,0.0,,0.0
1999-02-08,-6.0,-33.0,114.0,178.0,
1999-02-09,-11.0,-72.0,0.0,152.0,0.0
1999-02-10,39.0,-28.0,0.0,102.0,0.0
1999-02-11,56.0,-39.0,0.0,76.0,0.0
1999-02-12,100.0,6.0,0.0,,0.0
1999-02-13,122.0,-56.0,107.0,51.0,0.0
1999-02-14,-50.0,-133.0,13.0,76.0,38.0
1999-02-15,-39.0,-128.0,0.0,51.0,0.0
1999-02-16,33.0,-78.0,0.0,51.0,0.0
1999-02-17,106.0,-78.0,0.0,,0.0
1999-02-18,56.0,-6.0,23.0,,0.0
1999-02-19,0.0,-61.0,0.0,0.0,0.0
1999-02-20,-11.0,-89.0,0.0,0.0,0.0
1999-02-21,-28.0,-100.0,8.0,25.0,25.0
1999-02-22,-72.0,-172.0,0.0,25.0,0.0
1999-02-23,-78.0,-178.0,0.0,,0.0
1999-02-24,-33.0,-161.0,0.0,,0.0
1999-02-25,-6.0,-89.0,0.0,,0.0
1999-02-26,6.0,-72.0,0.0,0.0,0.0
1999-02-27,28.0,-72.0,0.0,0.0,0.0
1999-02-28,50.0,-44.0,0.0,0.0,0.0
1999-03-01,33.0,-11.0,102.0,25.0,25.0
1999-03-02,11.0,-44.0,25.0,25.0,25.0
1999-03-03,50.0,-33.0,0.0,,0.0
1999-03-04,117.0,-67.0,394.0,127.0,127.0
1999-03-05,-44.0,-100.0,36.0,178.0,102.0
1999-03-06,-6.0,-78.0,0.0,127.0,0.0
1999-03-07,-6.0,-139.0,185.0,330.0,203.0
1999-03-08,-89.0,-156.0,0.0,305.0,0.0
1999-03-09,-61.0,-139.0,0.0,305.0,0.0
1999-03-10,-28.0,-106.0,0.0,305.0,0.0
1999-03-11,-28.0,-106.0,0.0,,0.0
1999-03-12,-39.0,-94.0,28.0,305.0,25.0
1999-03-13,,,0.0,,0.0
1999-03-14,0.0,-89.0,0.0,127.0,0.0
1999-03-15,17.0,-67.0,76.0,229.0,127.0
1999-03-16,0.0,-50.0,0.0,229.0,0.0
1999-03-17,61.0,-28.0,0.0,127.0,0.0
1999-03-18,139.0,33.0,0.0,51.0,0.0
1999-03-19,100.0,-33.0,0.0,,0.0
1999-03-20,22.0,-50.0,0.0,,0.0
1999-03-21,61.0,-39.0,0.0,,0.0
1999-03-22,39.0,-28.0,345.0,203.0,
1999-03-23,-11.0,-39.0,13.0,178.0,13.0
1999-03-24,44.0,-28.0,0.0,102.0,0.0
1999-03-25,83.0,-39.0,0.0,51.0,0.0
1999-03-26,22.0,-61.0,0.0,25.0,0.0
1999-03-27,39.0,-44.0,0.0,,0.0
1999-03-28,94.0,-39.0,5.0,,0.0
1999-03-29,89.0,11.0,0.0,,0.0
1999-03-30,133.0,22.0,0.0,0.0,0.0
1999-03-31,122.0,28.0,0.0,0.0,0.0
1999-04-01,194.0,67.0,25.0,0.0,0.0
1999-04-02,122.0,67.0,107.0,0.0,0.0
1999-04-03,172.0,89.0,0.0,0.0,0.0
1999-04-04,183.0,94.0,30.0,0.0,0.0
1999-04-05,133.0,-33.0,5.0,0.0,0.0
1999-04-06,133.0,-17.0,0.0,0.0,0.0
1999-04-07,133.0,50.0,5.0,0.0,0.0
1999-04-08,167.0,72.0,0.0,0.0,0.0
1999-04-09,222.0,44.0,0.0,0.0,0.0
1999-04-10,44.0,-11.0,183.0,0.0,0.0
1999-04-11,78.0,-22.0,0.0,0.0,0.0
1999-04-12,28.0,6.0,86.0,0.0,0.0
1999-04-13,94.0,-11.0,0.0,0.0,0.0
1999-04-14,106.0,6.0,0.0,0.0,0.0
1999-04-15,139.0,17.0,0.0,0.0,0.0
1999-04-16,156.0,50.0,18.0,0.0,0.0
1999-04-17,78.0,17.0,122.0,0.0,
1999-04-18,56.0,17.0,5.0,0.0,
1999-04-19,78.0,-6.0,0.0,0.0,0.0
1999-04-20,78.0,6.0,41.0,0.0,0.0
1999-04-21,78.0,-6.0,10.0,0.0,0.0
1999-04-22,100.0,39.0,13.0,0.0,0.0
1999-04-23,167.0,56.0,0.0,0.0,0.0
1999-04-24,83.0,-28.0,130.0,0.0,0.0
1999-04-25,83.0,-22.0,0.0,0.0,0.0
1999-04-26,139.0,6.0,0.0,0.0,0.0
1999-04-27,206.0,0.0,0.0,0.0,0.0
1999-04-28,133.0,6.0,0.0,0.0,0.0
1999-04-29,150.0,22.0,0.0,0.0,0.0
1999-04-30,161.0,39.0,0.0,0.0,0.0
1999-05-01,183.0,28.0,0.0,0.0,0.0
1999-05-02,211.0,50.0,0.0,0.0,0.0
1999-05-03,211.0,89.0,0.0,0.0,0.0
1999-05-04,200.0,117.0,0.0,0.0,0.0
1999-05-05,244.0,122.0,0.0,0.0,0.0
1999-05-06,194.0,122.0,5.0,0.0,0.0
1999-05-07,194.0,122.0,5.0,0.0,0.0
1999-05-08,194.0,122.0,165.0,0.0,0.0
1999-05-09,172.0,83.0,122.0,0.0,0.0
1999-05-10,161.0,39.0,0.0,0.0,0.0
1999-05-11,178.0,39.0,0.0,0.0,0.0
1999-05-12,211.0,56.0,0.0,0.0,0.0
1999-05-13,194.0,67.0,3.0,0.0,0.0
1999-05-14,194.0,61.0,0.0,0.0,0.0
1999-05-15,211.0,56.0,0.0,0.0,0.0
1999-05-16,217.0,61.0,0.0,0.0,0.0
1999-05-17,183.0,89.0,0.0,0.0,0.0
1999-05-18,206.0,106.0,0.0,0.0,0.0
1999-05-19,233.0,122.0,157.0,0.0,0.0
1999-05-20,194.0,67.0,0.0,0.0,0.0
1999-05-21,178.0,39.0,0.0,0.0,0.0
1999-05-22,233.0,117.0,0.0,0.0,0.0
1999-05-23,233.0,122.0,112.0,0.0,0.0
1999-05-24,167.0,122.0,10.0,0.0,0.0
1999-05-25,189.0,61.0,84.0,0.0,0.0
1999-05-26,128.0,56.0,33.0,0.0,0.0
1999-05-27,128.0,72.0,8.0,0.0,0.0
1999-05-28,189.0,67.0,0.0,0.0,0.0
1999-05-29,250.0,117.0,0.0,0.0,0.0
1999-05-30,272.0,111.0,0.0,0.0,0.0
1999-05-31,283.0,161.0,0.0,0.0,0.0
1999-06-01,278.0,167.0,0.0,0.0,0.0
1999-06-02,244.0,167.0,43.0,0.0,0.0
1999-06-03,256.0,156.0,8.0,0.0,0.0
1999-06-04,200.0,78.0,3.0,0.0,0.0
1999-06-05,206.0,89.0,0.0,0.0,0.0
1999-06-06,228.0,128.0,0.0,0.0,0.0
1999-06-07,256.0,150.0,0.0,0.0,0.0
1999-06-08,317.0,194.0,0.0,0.0,0.0
1999-06-09,294.0,161.0,0.0,0.0,0.0
1999-06-10,261.0,144.0,3.0,0.0,0.0
1999-06-11,256.0,150.0,0.0,0.0,0.0
1999-06-12,250.0,100.0,0.0,0.0,0.0
1999-06-13,267.0,156.0,0.0,0.0,0.0
1999-06-14,261.0,161.0,13.0,0.0,0.0
1999-06-15,228.0,111.0,76.0,0.0,0.0
1999-06-16,211.0,50.0,0.0,0.0,0.0
1999-06-17,206.0,72.0,56.0,0.0,0.0
1999-06-18,106.0,67.0,259.0,0.0,0.0
1999-06-19,189.0,67.0,0.0,0.0,0.0
1999-06-20,211.0,117.0,0.0,0.0,0.0
1999-06-21,217.0,117.0,0.0,0.0,0.0
1999-06-22,233.0,106.0,0.0,0.0,0.0
1999-06-23,256.0,139.0,0.0,0.0,0.0
1999-06-24,256.0,139.0,0.0,0.0,0.0
1999-06-25,256.0,156.0,0.0,0.0,0.0
1999-06-26,250.0,172.0,0.0,0.0,0.0
1999-06-27,306.0,194.0,0.0,0.0,0.0
1999-06-28,289.0,200.0,0.0,0.0,0.0
1999-06-29,261.0,206.0,109.0,0.0,0.0
1999-06-30,250.0,100.0,23.0,0.0,0.0
1999-07-01,233.0,122.0,0.0,0.0,0.0
1999-07-02,244.0,183.0,8.0,0.0,0.0
1999-07-03,267.0,189.0,5.0,0.0,0.0
1999-07-04,294.0,206.0,0.0,0.0,0.0
1999-07-05,328.0,222.0,0.0,0.0,0.0
1999-07-06,333.0,211.0,0.0,0.0,0.0
1999-07-07,322.0,144.0,3.0,0.0,0.0
1999-07-08,272.0,156.0,0.0,0.0,0.0
1999-07-09,244.0,139.0,3.0,0.0,0.0
1999-07-10,278.0,139.0,61.0,0.0,0.0
1999-07-11,244.0,83.0,0.0,0.0,0.0
1999-07-12,222.0,94.0,0.0,0.0,0.0
1999-07-13,228.0,117.0,0.0,0.0,0.0
1999-07-14,250.0,144.0,0.0,0.0,0.0
1999-07-15,239.0,133.0,0.0,0.0,0.0
1999-07-16,283.0,178.0,0.0,0.0,0.0
1999-07-17,317.0,194.0,0.0,0.0,0.0
1999-07-18,317.0,189.0,0.0,0.0,0.0
1999-07-19,322.0,194.0,0.0,0.0,0.0
1999-07-20,272.0,167.0,30.0,0.0,0.0
1999-07-21,267.0,144.0,0.0,0.0,0.0
1999-07-22,244.0,161.0,5.0,0.0,0.0
1999-07-23,272.0,172.0,43.0,0.0,0.0
1999-07-24,306.0,200.0,0.0,0.0,0.0
1999-07-25,294.0,172.0,0.0,0.0,0.0
1999-07-26,300.0,139.0,0.0,0.0,0.0
1999-07-27,272.0,172.0,0.0,0.0,0.0
1999-07-28,306.0,161.0,0.0,0.0,0.0
1999-07-29,306.0,172.0,0.0,0.0,0.0
1999-07-30,300.0,172.0,0.0,0.0,0.0
1999-07-31,283.0,172.0,0.0,0.0,0.0
1999-08-01,322.0,200.0,25.0,0.0,0.0
1999-08-02,294.0,139.0,0.0,0.0,0.0
1999-08-03,294.0,100.0,0.0,0.0,0.0
1999-08-04,256.0,128.0,0.0,0.0,0.0
1999-08-05,283.0,150.0,8.0,0.0,0.0
1999-08-06,250.0,117.0,0.0,0.0,0.0
1999-08-07,267.0,106.0,0.0,0.0,0.0
1999-08-08,278.0,144.0,0.0,0.0,0.0
1999-08-09,233.0,106.0,74.0,0.0,0.0
1999-08-10,211.0,106.0,0.0,0.0,0.0
1999-08-11,206.0,128.0,13.0,0.0,0.0
1999-08-12,278.0,150.0,0.0,0.0,0.0
1999-08-13,294.0,156.0,0.0,0.0,0.0
1999-08-14,294.0,189.0,122.0,0.0,0.0
1999-08-15,267.0,133.0,25.0,0.0,0.0
1999-08-16,233.0,94.0,0.0,0.0,0.0
1999-08-17,272.0,122.0,0.0,0.0,0.0
1999-08-18,294.0,144.0,3.0,0.0,0.0
1999-08-19,228.0,133.0,0.0,0.0,0.0
1999-08-20,250.0,144.0,51.0,0.0,0.0
1999-08-21,156.0,117.0,523.0,0.0,0.0
1999-08-22,144.0,111.0,3.0,0.0,0.0
1999-08-23,222.0,111.0,0.0,0.0,0.0
1999-08-24,261.0,139.0,0.0,0.0,0.0
1999-08-25,239.0,139.0,0.0,0.0,0.0
1999-08-26,244.0,139.0,71.0,0.0,0.0
1999-08-27,244.0,172.0,94.0,0.0,0.0
1999-08-28,244.0,144.0,0.0,0.0,0.0
1999-08-29,272.0,156.0,0.0,0.0,0.0
1999-08-30,222.0,72.0,0.0,0.0,0.0
1999-08-31,206.0,72.0,0.0,0.0,0.0
1999-09-01,233.0,94.0,0.0,0.0,0.0
1999-09-02,278.0,106.0,0.0,0.0,0.0
1999-09-03,289.0,106.0,0.0,0.0,0.0
1999-09-04,283.0,161.0,0.0,0.0,0.0
1999-09-05,283.0,172.0,0.0,0.0,0.0
1999-09-06,244.0,194.0,46.0,0.0,0.0
1999-09-07,272.0,189.0,366.0,0.0,0.0
1999-09-08,211.0,161.0,69.0,0.0,0.0
1999-09-09,239.0,161.0,0.0,0.0,0.0
1999-09-10,261.0,156.0,23.0,0.0,0.0
1999-09-11,239.0,89.0,0.0,0.0,0.0
1999-09-12,222.0,89.0,0.0,0.0,0.0
1999-09-13,239.0,100.0,0.0,0.0,0.0
1999-09-14,228.0,150.0,0.0,0.0,0.0
1999-09-15,167.0,128.0,107.0,0.0,0.0
1999-09-16,150.0,106.0,94.0,0.0,0.0
1999-09-17,128.0,94.0,699.0,0.0,0.0
1999-09-18,167.0,67.0,0.0,0.0,0.0
1999-09-19,194.0,89.0,0.0,0.0,0.0
1999-09-20,206.0,111.0,0.0,0.0,0.0
1999-09-21,189.0,78.0,122.0,0.0,0.0
1999-09-22,83.0,44.0,224.0,0.0,0.0
1999-09-23,117.0,33.0,0.0,0.0,0.0
1999-09-24,194.0,33.0,0.0,0.0,0.0
1999-09-25,206.0,33.0,0.0,0.0,0.0
1999-09-26,178.0,50.0,0.0,0.0,0.0
1999-09-27,206.0,50.0,0.0,0.0,0.0
1999-09-28,172.0,139.0,10.0,0.0,0.0
1999-09-29,189.0,161.0,18.0,0.0,0.0
1999-09-30,189.0,106.0,411.0,0.0,0.0
1999-10-01,156.0,56.0,0.0,0.0,0.0
1999-10-02,183.0,50.0,0.0,0.0,0.0
1999-10-03,194.0,72.0,8.0,0.0,0.0
1999-10-04,133.0,83.0,188.0,0.0,0.0
1999-10-05,128.0,33.0,5.0,0.0,0.0
1999-10-06,89.0,17.0,0.0,0.0,0.0
1999-10-07,139.0,-22.0,0.0,0.0,0.0
1999-10-08,78.0,-17.0,0.0,0.0,0.0
1999-10-09,117.0,-17.0,43.0,0.0,0.0
1999-10-10,172.0,94.0,84.0,0.0,0.0
1999-10-11,172.0,94.0,51.0,0.0,0.0
1999-10-12,156.0,28.0,0.0,0.0,0.0
1999-10-13,150.0,28.0,0.0,0.0,0.0
1999-10-14,161.0,22.0,112.0,0.0,0.0
1999-10-15,78.0,-11.0,0.0,0.0,0.0
1999-10-16,128.0,-6.0,0.0,0.0,0.0
1999-10-17,133.0,78.0,0.0,0.0,0.0
1999-10-18,217.0,50.0,3.0,0.0,0.0
1999-10-19,106.0,-61.0,0.0,0.0,0.0
1999-10-20,94.0,-11.0,28.0,0.0,0.0
1999-10-21,89.0,0.0,0.0,0.0,0.0
1999-10-22,100.0,6.0,0.0,0.0,0.0
1999-10-23,117.0,22.0,79.0,0.0,0.0
1999-10-24,67.0,17.0,10.0,0.0,0.0
1999-10-25,67.0,6.0,0.0,0.0,0.0
1999-10-26,94.0,6.0,0.0,0.0,0.0
1999-10-27,128.0,28.0,0.0,0.0,0.0
1999-10-28,72.0,-28.0,0.0,0.0,0.0
1999-10-29,106.0,-11.0,0.0,0.0,0.0
1999-10-30,206.0,61.0,0.0,0.0,0.0
1999-10-31,200.0,89.0,0.0,0.0,0.0
1999-11-01,189.0,50.0,0.0,0.0,0.0
1999-11-02,167.0,50.0,0.0,0.0,0.0
1999-11-03,161.0,6.0,224.0,0.0,0.0
1999-11-04,28.0,-17.0,0.0,0.0,0.0
1999-11-05,67.0,-11.0,0.0,0.0,0.0
1999-11-06,139.0,-11.0,0.0,0.0,0.0
1999-11-07,144.0,-6.0,0.0,0.0,0.0
1999-11-08,44.0,-28.0,0.0,0.0,0.0
1999-11-09,61.0,-17.0,0.0,0.0,0.0
1999-11-10,156.0,56.0,0.0,0.0,0.0
1999-11-11,156.0,-6.0,262.0,0.0,0.0
1999-11-12,28.0,-39.0,0.0,0.0,0.0
1999-11-13,50.0,0.0,0.0,0.0,0.0
1999-11-14,94.0,44.0,0.0,0.0,0.0
1999-11-15,117.0,-17.0,0.0,0.0,0.0
1999-11-16,17.0,-67.0,0.0,0.0,0.0
1999-11-17,-6.0,-67.0,0.0,0.0,0.0
1999-11-18,11.0,-61.0,0.0,0.0,0.0
1999-11-19,56.0,-44.0,0.0,0.0,0.0
1999-11-20,133.0,150.0,0.0,0.0,0.0
1999-11-21,106.0,33.0,64.0,0.0,0.0
1999-11-22,144.0,33.0,0.0,0.0,0.0
1999-11-23,133.0,111.0,0.0,0.0,0.0
1999-11-24,133.0,111.0,0.0,0.0,0.0
1999-11-25,144.0,28.0,71.0,0.0,0.0
1999-11-26,100.0,22.0,132.0,0.0,0.0
1999-11-27,144.0,33.0,193.0,0.0,0.0
1999-11-28,89.0,-6.0,0.0,0.0,0.0
1999-11-29,44.0,-28.0,0.0,0.0,0.0
1999-11-30,17.0,-72.0,23.0,25.0,25.0
1999-12-01,-33.0,-111.0,3.0,25.0,3.0
1999-12-02,-33.0,-111.0,0.0,25.0,0.0
1999-12-03,39.0,-111.0,0.0,,0.0
1999-12-04,94.0,28.0,13.0,,0.0
1999-12-05,106.0,39.0,0.0,,0.0
1999-12-06,156.0,72.0,66.0,0.0,0.0
1999-12-07,106.0,-6.0,0.0,0.0,0.0
1999-12-08,106.0,-50.0,0.0,0.0,0.0
1999-12-09,78.0,-44.0,0.0,0.0,0.0
1999-12-10,106.0,17.0,0.0,0.0,0.0
1999-12-11,56.0,-17.0,28.0,0.0,0.0
1999-12-12,56.0,-50.0,0.0,0.0,0.0
1999-12-13,39.0,-44.0,3.0,0.0,0.0
1999-12-14,22.0,-11.0,20.0,0.0,0.0
1999-12-15,28.0,-11.0,373.0,0.0,36.0
1999-12-16,39.0,0.0,13.0,0.0,3.0
1999-12-17,11.0,-50.0,0.0,0.0,0.0
1999-12-18,11.0,-44.0,25.0,25.0,25.0
1999-12-19,-17.0,-61.0,0.0,,0.0
1999-12-20,39.0,-61.0,0.0,,0.0
1999-12-21,61.0,-56.0,127.0,0.0,13.0
1999-12-22,-17.0,-50.0,0.0,0.0,0.0
1999-12-23,-17.0,-78.0,0.0,0.0,0.0
1999-12-24,-33.0,-150.0,178.0,25.0,25.0
1999-12-25,-78.0,-150.0,0.0,,0.0
1999-12-26,-67.0,-128.0,0.0,,0.0
1999-12-27,-39.0,-78.0,5.0,25.0,10.0
1999-12-28,-39.0,-161.0,15.0,51.0,25.0
1999-12-29,-78.0,-139.0,18.0,51.0,25.0
1999-12-30,22.0,-78.0,0.0,,0.0
1999-12-31,22.0,-78.0,0.0,,0.0
2000-01-01,22.0,-39.0,0.0,,0.0
2000-01-02,61.0,-11.0,20.0,,0.0
2000-01-03,111.0,28.0,10.0,,0.0
2000-01-04,128.0,94.0,107.0,0.0,0.0
2000-01-05,133.0,-61.0,97.0,0.0,0.0
2000-01-06,-39.0,-94.0,0.0,0.0,0.0
2000-01-07,6.0,-67.0,0.0,0.0,0.0
2000-01-08,28.0,-83.0,0.0,0.0,0.0
2000-01-09,0.0,-56.0,0.0,0.0,0.0
2000-01-10,72.0,-11.0,51.0,0.0,0.0
2000-01-11,44.0,17.0,259.0,0.0,0.0
2000-01-12,56.0,-17.0,0.0,0.0,0.0
2000-01-13,33.0,-39.0,13.0,25.0,13.0
2000-01-14,-33.0,-178.0,30.0,76.0,51.0
2000-01-15,-100.0,-172.0,0.0,76.0,0.0
2000-01-16,-44.0,-156.0,0.0,76.0,0.0
2000-01-17,22.0,-200.0,5.0,51.0,0.0
2000-01-18,-161.0,-206.0,0.0,25.0,0.0
2000-01-19,-122.0,-200.0,3.0,25.0,0.0
2000-01-20,-44.0,-128.0,23.0,51.0,46.0
2000-01-21,-50.0,-183.0,51.0,178.0,127.0
2000-01-22,-139.0,-194.0,0.0,178.0,0.0
2000-01-23,-111.0,-189.0,0.0,152.0,0.0
2000-01-24,-67.0,-111.0,5.0,102.0,0.0
2000-01-25,-11.0,-117.0,0.0,102.0,0.0
2000-01-26,-89.0,-117.0,94.0,330.0,254.0
2000-01-27,-72.0,-189.0,8.0,254.0,76.0
2000-01-28,-128.0,-189.0,28.0,229.0,25.0
2000-01-29,-106.0,-183.0,0.0,203.0,0.0
2000-01-30,-39.0,-144.0,0.0,178.0,0.0
2000-01-31,-11.0,-67.0,140.0,381.0,254.0
2000-02-01,-44.0,-83.0,13.0,356.0,20.0
2000-02-02,-33.0,-122.0,10.0,356.0,25.0
2000-02-03,-56.0,-133.0,3.0,356.0,18.0
2000-02-04,-56.0,-133.0,28.0,381.0,51.0
2000-02-05,-11.0,-106.0,10.0,381.0,13.0
2000-02-06,-28.0,-106.0,10.0,356.0,13.0
2000-02-07,-6.0,-89.0,0.0,330.0,0.0
2000-02-08,0.0,-178.0,0.0,279.0,0.0
2000-02-09,-33.0,-150.0,0.0,279.0,0.0
2000-02-10,22.0,-67.0,0.0,254.0,0.0
2000-02-11,56.0,-17.0,8.0,203.0,0.0
2000-02-12,39.0,-139.0,0.0,203.0,0.0
2000-02-13,-50.0,-128.0,0.0,178.0,0.0
2000-02-14,6.0,-83.0,325.0,178.0,20.0
2000-02-15,17.0,-72.0,38.0,178.0,3.0
2000-02-16,-11.0,-72.0,3.0,178.0,3.0
2000-02-17,6.0,-100.0,3.0,178.0,13.0
2000-02-18,-33.0,-94.0,25.0,203.0,25.0
2000-02-19,-22.0,-67.0,234.0,356.0,165.0
2000-02-20,-44.0,-72.0,15.0,381.0,13.0
2000-02-21,-28.0,-89.0,0.0,381.0,0.0
2000-02-22,0.0,-72.0,0.0,330.0,0.0
2000-02-23,67.0,-17.0,0.0,279.0,0.0
2000-02-24,83.0,22.0,0.0,229.0,0.0
2000-02-25,122.0,50.0,28.0,127.0,0.0
2000-02-26,117.0,17.0,10.0,76.0,0.0
2000-02-27,56.0,22.0,5.0,0.0,0.0
2000-02-28,89.0,0.0,188.0,0.0,0.0
2000-02-29,56.0,-44.0,0.0,0.0,0.0
2000-03-01,83.0,-39.0,0.0,0.0,0.0
2000-03-02,83.0,0.0,25.0,0.0,0.0
2000-03-03,17.0,-44.0,43.0,25.0,25.0
2000-03-04,33.0,-50.0,0.0,,0.0
2000-03-05,83.0,-39.0,0.0,,0.0
2000-03-06,83.0,-11.0,0.0,,0.0
2000-03-07,83.0,-6.0,0.0,0.0,0.0
2000-03-08,161.0,33.0,0.0,0.0,0.0
2000-03-09,233.0,133.0,0.0,0.0,0.0
2000-03-10,200.0,-17.0,38.0,0.0,0.0
2000-03-11,33.0,-22.0,0.0,0.0,0.0
2000-03-12,56.0,-6.0,290.0,0.0,0.0
2000-03-13,-6.0,-72.0,20.0,25.0,13.0
2000-03-14,33.0,-72.0,0.0,,0.0
2000-03-15,78.0,6.0,8.0,,0.0
2000-03-16,150.0,44.0,0.0,,0.0
2000-03-17,139.0,-61.0,203.0,25.0,3.0
2000-03-18,-56.0,-122.0,0.0,,0.0
2000-03-19,28.0,-72.0,0.0,,0.0
2000-03-20,44.0,-39.0,0.0,,0.0
2000-03-21,106.0,-6.0,33.0,,0.0
2000-03-22,33.0,6.0,274.0,0.0,0.0
2000-03-23,139.0,6.0,0.0,0.0,0.0
2000-03-24,122.0,6.0,0.0,0.0,0.0
2000-03-25,172.0,56.0,0.0,0.0,0.0
2000-03-26,178.0,44.0,28.0,0.0,0.0
2000-03-27,117.0,-6.0,0.0,0.0,0.0
2000-03-28,139.0,0.0,198.0,25.0,13.0
2000-03-29,94.0,-6.0,5.0,,0.0
2000-03-30,28.0,6.0,15.0,0.0,0.0
2000-03-31,61.0,-28.0,0.0,0.0,0.0
2000-04-01,106.0,-17.0,0.0,0.0,0.0
2000-04-02,144.0,56.0,0.0,0.0,0.0
2000-04-03,117.0,89.0,5.0,0.0,0.0
2000-04-04,194.0,100.0,351.0,0.0,0.0
2000-04-05,117.0,-33.0,102.0,0.0,0.0
2000-04-06,50.0,-33.0,0.0,0.0,0.0
2000-04-07,183.0,6.0,0.0,0.0,0.0
2000-04-08,111.0,44.0,8.0,0.0,0.0
2000-04-09,189.0,-67.0,417.0,152.0,152.0
2000-04-10,33.0,-67.0,8.0,51.0,0.0
2000-04-11,72.0,33.0,0.0,25.0,0.0
2000-04-12,67.0,-22.0,0.0,,0.0
2000-04-13,33.0,-39.0,0.0,,0.0
2000-04-14,83.0,-22.0,0.0,,0.0
2000-04-15,144.0,28.0,0.0,0.0,0.0
2000-04-16,200.0,100.0,0.0,0.0,0.0
2000-04-17,222.0,33.0,5.0,0.0,0.0
2000-04-18,61.0,17.0,264.0,0.0,0.0
2000-04-19,39.0,11.0,107.0,0.0,0.0
2000-04-20,133.0,22.0,0.0,0.0,0.0
2000-04-21,139.0,61.0,71.0,0.0,0.0
2000-04-22,78.0,33.0,147.0,0.0,0.0
2000-04-23,67.0,6.0,10.0,0.0,0.0
2000-04-24,56.0,11.0,0.0,0.0,0.0
2000-04-25,144.0,17.0,0.0,0.0,0.0
2000-04-26,133.0,17.0,0.0,0.0,0.0
2000-04-27,133.0,11.0,0.0,0.0,0.0
2000-04-28,94.0,22.0,0.0,0.0,0.0
2000-04-29,144.0,22.0,0.0,0.0,0.0
2000-04-30,183.0,39.0,0.0,0.0,0.0
2000-05-01,133.0,22.0,0.0,0.0,0.0
2000-05-02,183.0,61.0,74.0,0.0,0.0
2000-05-03,139.0,22.0,0.0,0.0,0.0
2000-05-04,189.0,83.0,0.0,0.0,0.0
2000-05-05,211.0,117.0,13.0,0.0,0.0
2000-05-06,261.0,117.0,0.0,0.0,0.0
2000-05-07,278.0,167.0,0.0,0.0,0.0
2000-05-08,294.0,161.0,64.0,0.0,0.0
2000-05-09,278.0,172.0,0.0,0.0,0.0
2000-05-10,289.0,172.0,0.0,0.0,0.0
2000-05-11,244.0,72.0,325.0,0.0,0.0
2000-05-12,244.0,72.0,0.0,0.0,0.0
2000-05-13,217.0,133.0,0.0,0.0,0.0
2000-05-14,256.0,61.0,163.0,0.0,0.0
2000-05-15,172.0,28.0,0.0,0.0,0.0
2000-05-16,144.0,28.0,0.0,0.0,0.0
2000-05-17,117.0,61.0,0.0,0.0,0.0
2000-05-18,194.0,117.0,0.0,0.0,0.0
2000-05-19,239.0,94.0,325.0,0.0,0.0
2000-05-20,94.0,50.0,56.0,0.0,0.0
2000-05-21,89.0,50.0,8.0,0.0,0.0
2000-05-22,133.0,83.0,10.0,0.0,0.0
2000-05-23,111.0,100.0,163.0,0.0,0.0
2000-05-24,144.0,106.0,391.0,0.0,0.0
2000-05-25,222.0,106.0,69.0,0.0,0.0
2000-05-26,200.0,89.0,0.0,0.0,0.0
2000-05-27,206.0,67.0,0.0,0.0,0.0
2000-05-28,161.0,44.0,0.0,0.0,0.0
2000-05-29,156.0,94.0,0.0,0.0,0.0
2000-05-30,161.0,56.0,0.0,0.0,0.0
2000-05-31,194.0,72.0,0.0,0.0,0.0
2000-06-01,211.0,94.0,0.0,0.0,0.0
2000-06-02,261.0,94.0,0.0,0.0,0.0
2000-06-03,289.0,89.0,25.0,0.0,0.0
2000-06-04,178.0,56.0,0.0,0.0,0.0
2000-06-05,211.0,89.0,91.0,0.0,0.0
2000-06-06,117.0,83.0,203.0,0.0,0.0
2000-06-07,111.0,72.0,48.0,0.0,0.0
2000-06-08,206.0,72.0,0.0,0.0,0.0
2000-06-09,222.0,72.0,0.0,0.0,0.0
2000-06-10,261.0,172.0,0.0,0.0,0.0
2000-06-11,,,,0.0,0.0
2000-06-12,300.0,178.0,262.0,0.0,0.0
2000-06-13,222.0,128.0,127.0,0.0,0.0
2000-06-14,156.0,122.0,56.0,0.0,0.0
2000-06-15,172.0,128.0,8.0,0.0,0.0
2000-06-16,217.0,150.0,61.0,0.0,0.0
2000-06-17,261.0,200.0,76.0,0.0,0.0
2000-06-18,250.0,133.0,56.0,0.0,0.0
2000-06-19,167.0,89.0,79.0,0.0,0.0
2000-06-20,206.0,94.0,0.0,0.0,0.0
2000-06-21,256.0,161.0,0.0,0.0,0.0
2000-06-22,228.0,172.0,168.0,0.0,0.0
2000-06-23,256.0,139.0,0.0,0.0,0.0
2000-06-24,239.0,128.0,0.0,0.0,0.0
2000-06-25,261.0,200.0,0.0,0.0,0.0
2000-06-26,283.0,194.0,97.0,0.0,0.0
2000-06-27,256.0,194.0,51.0,0.0,0.0
2000-06-28,228.0,128.0,119.0,0.0,0.0
2000-06-29,239.0,128.0,0.0,0.0,0.0
2000-06-30,228.0,106.0,5.0,0.0,0.0
2000-07-01,222.0,94.0,0.0,0.0,0.0
2000-07-02,239.0,133.0,0.0,0.0,0.0
2000-07-03,256.0,161.0,0.0,0.0,0.0
2000-07-04,222.0,178.0,8.0,0.0,0.0
2000-07-05,267.0,139.0,0.0,0.0,0.0
2000-07-06,250.0,83.0,0.0,0.0,0.0
2000-07-07,250.0,83.0,0.0,0.0,0.0
2000-07-08,250.0,83.0,0.0,0.0,0.0
2000-07-09,228.0,122.0,0.0,0.0,0.0
2000-07-10,233.0,178.0,38.0,0.0,0.0
2000-07-11,267.0,122.0,0.0,0.0,0.0
2000-07-12,233.0,94.0,0.0,0.0,0.0
2000-07-13,239.0,128.0,0.0,0.0,0.0
2000-07-14,239.0,128.0,0.0,0.0,0.0
2000-07-15,239.0,144.0,185.0,0.0,0.0
2000-07-16,200.0,139.0,112.0,0.0,0.0
2000-07-17,233.0,144.0,0.0,0.0,0.0
2000-07-18,233.0,161.0,0.0,0.0,0.0
2000-07-19,261.0,106.0,0.0,0.0,0.0
2000-07-20,183.0,106.0,0.0,0.0,0.0
2000-07-21,228.0,111.0,0.0,0.0,0.0
2000-07-22,228.0,106.0,71.0,0.0,0.0
2000-07-23,206.0,100.0,0.0,0.0,0.0
2000-07-24,217.0,117.0,0.0,0.0,0.0
2000-07-25,222.0,144.0,0.0,0.0,0.0
2000-07-26,228.0,117.0,0.0,0.0,0.0
2000-07-27,183.0,139.0,10.0,0.0,0.0
2000-07-28,228.0,156.0,0.0,0.0,0.0
2000-07-29,261.0,167.0,0.0,0.0,0.0
2000-07-30,233.0,178.0,216.0,0.0,0.0
2000-07-31,228.0,189.0,262.0,0.0,0.0
2000-08-01,267.0,194.0,175.0,0.0,0.0
2000-08-02,272.0,172.0,147.0,0.0,0.0
2000-08-03,261.0,183.0,30.0,0.0,0.0
2000-08-04,244.0,133.0,76.0,0.0,0.0
2000-08-05,222.0,94.0,0.0,0.0,0.0
2000-08-06,233.0,122.0,0.0,0.0,0.0
2000-08-07,206.0,150.0,196.0,0.0,0.0
2000-08-08,261.0,167.0,10.0,0.0,0.0
2000-08-09,272.0,194.0,0.0,0.0,0.0
2000-08-10,278.0,161.0,0.0,0.0,0.0
2000-08-11,250.0,161.0,51.0,0.0,0.0
2000-08-12,228.0,128.0,46.0,0.0,0.0
2000-08-13,206.0,133.0,0.0,0.0,0.0
2000-08-14,222.0,128.0,0.0,0.0,0.0
2000-08-15,222.0,128.0,0.0,0.0,0.0
2000-08-16,278.0,128.0,0.0,0.0,0.0
2000-08-17,233.0,94.0,0.0,0.0,0.0
2000-08-18,200.0,100.0,0.0,0.0,0.0
2000-08-19,161.0,106.0,0.0,0.0,0.0
2000-08-20,217.0,78.0,0.0,0.0,0.0
2000-08-21,183.0,50.0,0.0,0.0,0.0
2000-08-22,200.0,83.0,0.0,0.0,0.0
2000-08-23,228.0,122.0,0.0,0.0,0.0
2000-08-24,183.0,156.0,140.0,0.0,0.0
2000-08-25,244.0,111.0,0.0,0.0,0.0
2000-08-26,239.0,117.0,0.0,0.0,0.0
2000-08-27,244.0,128.0,0.0,0.0,0.0
2000-08-28,250.0,150.0,0.0,0.0,0.0
2000-08-29,267.0,150.0,20.0,0.0,0.0
2000-08-30,233.0,167.0,0.0,0.0,0.0
2000-08-31,256.0,167.0,0.0,0.0,0.0
2000-09-01,256.0,183.0,23.0,0.0,0.0
2000-09-02,244.0,200.0,132.0,0.0,0.0
2000-09-03,272.0,172.0,23.0,0.0,0.0
2000-09-04,272.0,183.0,0.0,0.0,0.0
2000-09-05,239.0,39.0,0.0,0.0,0.0
2000-09-06,239.0,33.0,0.0,0.0,0.0
2000-09-07,239.0,33.0,0.0,0.0,0.0
2000-09-08,200.0,100.0,0.0,0.0,0.0
2000-09-09,233.0,122.0,0.0,0.0,0.0
2000-09-10,267.0,161.0,0.0,0.0,0.0
2000-09-11,256.0,172.0,0.0,0.0,0.0
2000-09-12,189.0,178.0,0.0,0.0,0.0
2000-09-13,228.0,128.0,914.0,0.0,0.0
2000-09-14,206.0,72.0,0.0,0.0,0.0
2000-09-15,217.0,100.0,89.0,0.0,0.0
2000-09-16,178.0,61.0,254.0,0.0,0.0
2000-09-17,144.0,39.0,0.0,0.0,0.0
2000-09-18,189.0,72.0,0.0,0.0,0.0
2000-09-19,211.0,94.0,0.0,0.0,0.0
2000-09-20,211.0,94.0,0.0,0.0,0.0
2000-09-21,244.0,94.0,0.0,0.0,0.0
2000-09-22,244.0,44.0,0.0,0.0,0.0
2000-09-23,178.0,72.0,0.0,0.0,0.0
2000-09-24,161.0,128.0,30.0,0.0,0.0
2000-09-25,167.0,39.0,0.0,0.0,0.0
2000-09-26,167.0,39.0,46.0,0.0,0.0
2000-09-27,89.0,28.0,30.0,0.0,0.0
2000-09-28,167.0,50.0,0.0,0.0,0.0
2000-09-29,106.0,-33.0,0.0,0.0,0.0
2000-09-30,150.0,-22.0,0.0,0.0,0.0
2000-11-01,94.0,-11.0,0.0,,0.0
2000-11-02,139.0,-11.0,0.0,0.0,0.0
2000-11-03,144.0,39.0,0.0,0.0,0.0
2000-11-04,183.0,44.0,0.0,0.0,0.0
2000-11-05,106.0,17.0,0.0,0.0,0.0
2000-11-06,56.0,-22.0,0.0,0.0,0.0
2000-11-07,83.0,-22.0,0.0,0.0,0.0
2000-11-08,133.0,-22.0,0.0,0.0,0.0
2000-11-09,172.0,-22.0,0.0,0.0,0.0
2000-11-10,128.0,89.0,163.0,0.0,0.0
2000-11-11,89.0,33.0,201.0,0.0,0.0
2000-11-12,44.0,0.0,10.0,0.0,0.0
2000-11-13,22.0,-6.0,0.0,0.0,0.0
2000-11-14,67.0,-6.0,20.0,0.0,0.0
2000-11-15,78.0,-28.0,33.0,0.0,0.0
2000-11-16,11.0,-50.0,0.0,0.0,0.0
2000-11-17,22.0,-39.0,0.0,0.0,0.0
2000-11-18,28.0,-22.0,5.0,0.0,8.0
2000-11-19,11.0,-61.0,0.0,0.0,0.0
2000-11-20,0.0,-67.0,0.0,0.0,0.0
2000-11-21,-6.0,-61.0,15.0,25.0,51.0
2000-11-22,-28.0,-89.0,5.0,25.0,38.0
2000-11-23,-50.0,-122.0,5.0,51.0,25.0
2000-11-24,-44.0,-133.0,0.0,25.0,0.0
2000-11-25,-11.0,-100.0,0.0,25.0,0.0
2000-11-26,67.0,-39.0,122.0,0.0,0.0
2000-11-27,78.0,28.0,99.0,0.0,0.0
2000-11-28,33.0,17.0,0.0,0.0,0.0
2000-11-29,33.0,-6.0,0.0,0.0,0.0
2000-11-30,28.0,-22.0,25.0,25.0,
2000-12-01,-11.0,-44.0,0.0,25.0,0.0
2000-12-02,-17.0,-94.0,0.0,25.0,0.0
2000-12-03,-44.0,-117.0,,0.0,0.0
2000-12-04,-22.0,-106.0,0.0,0.0,0.0
2000-12-05,39.0,-67.0,0.0,0.0,0.0
2000-12-06,6.0,-100.0,5.0,25.0,13.0
2000-12-07,-72.0,-100.0,0.0,0.0,0.0
2000-12-08,-44.0,-89.0,36.0,51.0,38.0
2000-12-09,-33.0,-89.0,10.0,51.0,
2000-12-10,-39.0,-100.0,0.0,51.0,0.0
2000-12-11,-17.0,-61.0,3.0,51.0,
2000-12-12,17.0,-61.0,81.0,0.0,0.0
2000-12-13,-22.0,-144.0,0.0,0.0,0.0
2000-12-14,0.0,-144.0,170.0,76.0,69.0
2000-12-15,6.0,-72.0,0.0,0.0,0.0
2000-12-16,-6.0,-67.0,,51.0,
2000-12-17,117.0,-28.0,589.0,0.0,0.0
2000-12-18,122.0,-100.0,0.0,0.0,
2000-12-19,-44.0,-111.0,0.0,0.0,0.0
2000-12-20,-39.0,-106.0,140.0,178.0,
2000-12-21,-67.0,-133.0,0.0,127.0,0.0
2000-12-22,-56.0,-122.0,0.0,102.0,
2000-12-23,-61.0,-206.0,10.0,127.0,25.0
2000-12-24,-67.0,-183.0,0.0,127.0,0.0
2000-12-25,-56.0,-150.0,10.0,152.0,20.0
2000-12-26,-117.0,-161.0,0.0,127.0,0.0
2000-12-27,-61.0,-128.0,0.0,0.0,0.0
2000-12-28,-61.0,-150.0,0.0,127.0,0.0
2000-12-29,-100.0,-156.0,0.0,102.0,0.0
2000-12-30,-78.0,-150.0,0.0,102.0,0.0
2000-12-31,-56.0,-117.0,30.0,178.0,102.0
2001-01-01,-56.0,-106.0,0.0,152.0,0.0
2001-01-02,-44.0,-144.0,0.0,,
2001-01-03,-89.0,-128.0,0.0,,
2001-01-04,-44.0,-117.0,0.0,127.0,0.0
2001-01-05,-28.0,-106.0,0.0,127.0,
2001-01-06,-28.0,-106.0,84.0,254.0,127.0
2001-01-07,-17.0,-67.0,0.0,229.0,0.0
2001-01-08,-6.0,-33.0,0.0,203.0,0.0
2001-01-09,0.0,-111.0,254.0,254.0,229.0
2001-01-10,0.0,-100.0,23.0,203.0,25.0
2001-01-11,-22.0,-89.0,0.0,203.0,0.0
2001-01-12,39.0,-78.0,0.0,178.0,0.0
2001-01-13,11.0,-78.0,0.0,152.0,0.0
2001-01-14,22.0,-78.0,0.0,152.0,0.0
2001-01-15,28.0,-28.0,5.0,127.0,0.0
2001-01-16,11.0,-11.0,8.0,127.0,0.0
2001-01-17,28.0,-17.0,0.0,127.0,0.0
2001-01-18,-11.0,-39.0,0.0,102.0,0.0
2001-01-19,-17.0,-33.0,51.0,152.0,38.0
2001-01-20,0.0,-61.0,58.0,254.0,89.0
2001-01-21,-56.0,-117.0,107.0,356.0,152.0
2001-01-22,-50.0,-139.0,0.0,305.0,0.0
2001-01-23,-22.0,-139.0,0.0,305.0,0.0
2001-01-24,-17.0,-94.0,0.0,279.0,0.0
2001-01-25,11.0,-56.0,0.0,254.0,0.0
2001-01-26,-39.0,-133.0,0.0,254.0,0.0
2001-01-27,-22.0,-133.0,5.0,279.0,13.0
2001-01-28,-6.0,-106.0,10.0,279.0,20.0
2001-01-29,-17.0,-128.0,0.0,254.0,0.0
2001-01-30,,,,,
2001-01-31,28.0,-17.0,124.0,178.0,20.0
2001-02-01,28.0,-94.0,0.0,178.0,0.0
2001-02-02,17.0,-22.0,0.0,152.0,0.0
2001-02-03,11.0,-111.0,15.0,178.0,13.0
2001-02-04,-50.0,-117.0,0.0,152.0,0.0
2001-02-05,-6.0,-61.0,8.0,178.0,8.0
2001-02-06,0.0,-33.0,71.0,279.0,102.0
2001-02-07,0.0,-28.0,36.0,330.0,38.0
2001-02-08,22.0,-83.0,0.0,279.0,0.0
2001-02-09,28.0,-44.0,28.0,229.0,0.0
2001-02-10,100.0,11.0,20.0,102.0,0.0
2001-02-11,-6.0,-111.0,0.0,25.0,0.0
2001-02-12,-61.0,-144.0,0.0,,0.0
2001-02-13,-17.0,-144.0,0.0,,0.0
2001-02-14,61.0,-33.0,3.0,,0.0
2001-02-15,50.0,-22.0,97.0,,0.0
2001-02-16,-6.0,-39.0,0.0,0.0,0.0
2001-02-17,0.0,-56.0,36.0,0.0,0.0
2001-02-18,-56.0,-128.0,0.0,0.0,0.0
2001-02-19,-39.0,-122.0,0.0,0.0,0.0
2001-02-20,22.0,-94.0,0.0,0.0,0.0
2001-02-21,89.0,-56.0,5.0,0.0,0.0
2001-02-22,-33.0,-150.0,0.0,0.0,0.0
2001-02-23,-78.0,-150.0,38.0,51.0,51.0
2001-02-24,-6.0,-111.0,0.0,51.0,0.0
2001-02-25,0.0,-106.0,48.0,254.0,
2001-02-26,56.0,-11.0,20.0,,0.0
2001-02-27,28.0,-61.0,0.0,,0.0
2001-02-28,44.0,-100.0,0.0,0.0,0.0
2001-03-01,39.0,-100.0,0.0,0.0,0.0
2001-03-02,-11.0,-94.0,58.0,102.0,
2001-03-03,6.0,-39.0,8.0,76.0,13.0
2001-03-04,28.0,-61.0,0.0,51.0,0.0
2001-03-05,-17.0,-72.0,135.0,178.0,165.0
2001-03-06,-28.0,-106.0,56.0,305.0,127.0
2001-03-07,-28.0,-83.0,25.0,356.0,51.0
2001-03-08,22.0,-83.0,3.0,152.0,3.0
2001-03-09,28.0,-39.0,64.0,178.0,102.0
2001-03-10,17.0,-61.0,10.0,203.0,25.0
2001-03-11,11.0,-72.0,0.0,152.0,0.0
2001-03-12,22.0,-111.0,0.0,152.0,0.0
2001-03-13,56.0,-78.0,152.0,76.0,0.0
2001-03-14,39.0,-11.0,41.0,51.0,25.0
2001-03-15,44.0,-22.0,0.0,51.0,0.0
2001-03-16,56.0,-22.0,0.0,25.0,0.0
2001-03-17,33.0,-6.0,30.0,25.0,0.0
2001-03-18,33.0,-50.0,56.0,25.0,25.0
2001-03-19,17.0,-44.0,0.0,25.0,0.0
2001-03-20,83.0,-56.0,0.0,0.0,0.0
2001-03-21,28.0,-11.0,234.0,102.0,102.0
2001-03-22,28.0,-17.0,8.0,127.0,28.0
2001-03-23,28.0,-17.0,8.0,127.0,25.0
2001-03-24,72.0,-22.0,0.0,76.0,0.0
2001-03-25,56.0,-83.0,0.0,51.0,0.0
2001-03-26,-6.0,-89.0,25.0,25.0,25.0
2001-03-27,-39.0,-128.0,8.0,51.0,13.0
2001-03-28,-11.0,-94.0,,51.0,
2001-03-29,50.0,-50.0,0.0,0.0,0.0
2001-03-30,39.0,0.0,0.0,,28.0
2001-03-31,33.0,-17.0,41.0,,0.0
2001-04-01,6.0,-17.0,0.0,,0.0
2001-04-02,22.0,-17.0,0.0,0.0,0.0
2001-04-03,22.0,-33.0,0.0,0.0,0.0
2001-04-04,67.0,-39.0,0.0,0.0,0.0
2001-04-05,89.0,-22.0,0.0,0.0,0.0
2001-04-06,133.0,11.0,13.0,0.0,0.0
2001-04-07,100.0,44.0,66.0,0.0,0.0
2001-04-08,94.0,17.0,41.0,0.0,0.0
2001-04-09,122.0,33.0,0.0,0.0,0.0
2001-04-10,239.0,22.0,119.0,0.0,0.0
2001-04-11,156.0,22.0,5.0,0.0,0.0
2001-04-12,83.0,67.0,8.0,0.0,0.0
2001-04-13,161.0,67.0,0.0,0.0,0.0
2001-04-14,172.0,6.0,0.0,0.0,0.0
2001-04-15,161.0,17.0,0.0,0.0,0.0
2001-04-16,144.0,33.0,104.0,0.0,0.0
2001-04-17,78.0,-11.0,23.0,0.0,0.0
2001-04-18,22.0,-33.0,20.0,0.0,0.0
2001-04-19,22.0,-61.0,0.0,0.0,0.0
2001-04-20,100.0,-39.0,0.0,0.0,0.0
2001-04-21,106.0,-156.0,36.0,0.0,0.0
2001-04-22,167.0,89.0,112.0,0.0,0.0
2001-04-23,250.0,111.0,0.0,0.0,0.0
2001-04-24,272.0,161.0,0.0,0.0,0.0
2001-04-25,217.0,0.0,0.0,0.0,0.0
2001-04-26,106.0,-6.0,0.0,0.0,0.0
2001-04-27,161.0,17.0,0.0,0.0,0.0
2001-04-28,194.0,0.0,0.0,0.0,0.0
2001-04-29,106.0,-22.0,0.0,0.0,0.0
2001-04-30,161.0,17.0,0.0,0.0,0.0
2001-05-01,233.0,78.0,0.0,0.0,0.0
2001-05-02,267.0,133.0,0.0,0.0,0.0
2001-05-03,283.0,133.0,0.0,0.0,0.0
2001-05-04,278.0,133.0,0.0,0.0,0.0
2001-05-05,289.0,78.0,18.0,0.0,0.0
2001-05-06,189.0,22.0,0.0,0.0,0.0
2001-05-07,183.0,22.0,0.0,0.0,0.0
2001-05-08,183.0,50.0,0.0,0.0,0.0
2001-05-09,189.0,56.0,18.0,0.0,0.0
2001-05-10,217.0,94.0,0.0,0.0,0.0
2001-05-11,244.0,111.0,0.0,0.0,0.0
2001-05-12,256.0,133.0,0.0,0.0,0.0
2001-05-13,172.0,39.0,30.0,0.0,0.0
2001-05-14,139.0,17.0,0.0,0.0,0.0
2001-05-15,150.0,33.0,0.0,0.0,0.0
2001-05-16,178.0,33.0,0.0,0.0,0.0
2001-05-17,200.0,78.0,0.0,0.0,0.0
2001-05-18,100.0,78.0,41.0,0.0,0.0
2001-05-19,139.0,100.0,5.0,0.0,0.0
2001-05-20,50.0,78.0,0.0,0.0,0.0
2001-05-21,172.0,83.0,0.0,0.0,0.0
2001-05-22,128.0,83.0,127.0,0.0,0.0
2001-05-23,194.0,83.0,58.0,0.0,0.0
2001-05-24,194.0,67.0,0.0,0.0,0.0
2001-05-25,217.0,83.0,0.0,0.0,0.0
2001-05-26,194.0,122.0,5.0,0.0,0.0
2001-05-27,156.0,117.0,46.0,0.0,0.0
2001-05-28,183.0,78.0,112.0,0.0,0.0
2001-05-29,150.0,83.0,0.0,0.0,0.0
2001-05-30,172.0,56.0,61.0,0.0,0.0
2001-05-31,144.0,28.0,0.0,0.0,0.0
2001-06-01,167.0,50.0,0.0,0.0,0.0
2001-06-02,144.0,100.0,211.0,0.0,0.0
2001-06-03,189.0,106.0,107.0,0.0,0.0
2001-06-04,156.0,94.0,8.0,0.0,0.0
2001-06-05,183.0,72.0,0.0,0.0,0.0
2001-06-06,211.0,89.0,0.0,0.0,0.0
2001-06-07,189.0,89.0,0.0,0.0,0.0
2001-06-08,217.0,83.0,0.0,0.0,0.0
2001-06-09,228.0,83.0,0.0,0.0,0.0
2001-06-10,228.0,89.0,0.0,0.0,0.0
2001-06-11,222.0,139.0,3.0,0.0,0.0
2001-06-12,233.0,122.0,94.0,0.0,0.0
2001-06-13,267.0,150.0,102.0,0.0,0.0
2001-06-14,283.0,167.0,0.0,0.0,0.0
2001-06-15,300.0,167.0,0.0,0.0,0.0
2001-06-16,300.0,167.0,0.0,0.0,0.0
2001-06-17,267.0,144.0,224.0,0.0,0.0
2001-06-18,256.0,122.0,0.0,0.0,0.0
2001-06-19,261.0,144.0,0.0,0.0,0.0
2001-06-20,283.0,150.0,0.0,0.0,0.0
2001-06-21,239.0,161.0,30.0,0.0,0.0
2001-06-22,239.0,161.0,122.0,0.0,0.0
2001-06-23,233.0,172.0,663.0,0.0,0.0
2001-06-24,183.0,106.0,91.0,0.0,0.0
2001-06-25,217.0,111.0,0.0,0.0,0.0
2001-06-26,244.0,139.0,0.0,0.0,0.0
2001-06-27,267.0,172.0,0.0,0.0,0.0
2001-06-28,289.0,167.0,0.0,0.0,0.0
2001-06-29,289.0,172.0,0.0,0.0,0.0
2001-06-30,278.0,200.0,0.0,0.0,0.0
2001-07-01,272.0,178.0,66.0,0.0,0.0
2001-07-02,267.0,72.0,175.0,0.0,0.0
2001-07-03,178.0,78.0,0.0,0.0,0.0
2001-07-04,206.0,139.0,5.0,0.0,0.0
2001-07-05,233.0,156.0,0.0,0.0,0.0
2001-07-06,239.0,72.0,25.0,0.0,0.0
2001-07-07,189.0,100.0,0.0,0.0,0.0
2001-07-08,233.0,117.0,30.0,0.0,0.0
2001-07-09,239.0,139.0,0.0,0.0,0.0
2001-07-10,278.0,161.0,20.0,0.0,0.0
2001-07-11,272.0,133.0,312.0,0.0,0.0
2001-07-12,272.0,106.0,0.0,0.0,0.0
2001-07-13,272.0,94.0,0.0,0.0,0.0
2001-07-14,272.0,94.0,0.0,0.0,0.0
2001-07-15,211.0,111.0,0.0,0.0,0.0
2001-07-16,244.0,128.0,0.0,0.0,0.0
2001-07-17,244.0,167.0,25.0,0.0,0.0
2001-07-18,250.0,156.0,30.0,0.0,0.0
2001-07-19,250.0,139.0,0.0,0.0,0.0
2001-07-20,250.0,139.0,0.0,0.0,0.0
2001-07-21,250.0,122.0,0.0,0.0,0.0
2001-07-22,256.0,139.0,0.0,0.0,0.0
2001-07-23,256.0,161.0,0.0,0.0,0.0
2001-07-24,283.0,161.0,0.0,0.0,0.0
2001-07-25,306.0,161.0,0.0,0.0,0.0
2001-07-26,294.0,150.0,157.0,0.0,0.0
2001-07-27,294.0,72.0,0.0,0.0,0.0
2001-07-28,211.0,100.0,0.0,0.0,0.0
2001-07-29,228.0,122.0,0.0,0.0,0.0
2001-07-30,211.0,150.0,0.0,0.0,0.0
2001-07-31,217.0,150.0,0.0,0.0,0.0
2001-08-01,250.0,144.0,18.0,0.0,0.0
2001-08-02,278.0,161.0,0.0,0.0,0.0
2001-08-03,289.0,161.0,0.0,0.0,0.0
2001-08-04,272.0,194.0,10.0,0.0,0.0
2001-08-05,283.0,161.0,0.0,0.0,0.0
2001-08-06,294.0,178.0,0.0,0.0,0.0
2001-08-07,311.0,189.0,0.0,0.0,0.0
2001-08-08,328.0,211.0,0.0,0.0,0.0
2001-08-09,328.0,200.0,0.0,0.0,0.0
2001-08-10,328.0,222.0,0.0,0.0,0.0
2001-08-11,261.0,156.0,132.0,0.0,0.0
2001-08-12,256.0,172.0,0.0,0.0,0.0
2001-08-13,256.0,183.0,0.0,0.0,0.0
2001-08-14,267.0,150.0,0.0,0.0,0.0
2001-08-15,256.0,117.0,0.0,0.0,0.0
2001-08-16,,,0.0,0.0,0.0
2001-08-17,267.0,183.0,460.0,0.0,0.0
2001-08-18,250.0,139.0,5.0,0.0,0.0
2001-08-19,244.0,144.0,0.0,0.0,0.0
2001-08-20,261.0,156.0,196.0,0.0,0.0
2001-08-21,261.0,139.0,0.0,0.0,0.0
2001-08-22,233.0,128.0,0.0,0.0,0.0
2001-08-23,244.0,150.0,0.0,0.0,0.0
2001-08-24,183.0,150.0,61.0,0.0,0.0
2001-08-25,250.0,100.0,0.0,0.0,0.0
2001-08-26,244.0,128.0,0.0,0.0,0.0
2001-08-27,244.0,161.0,41.0,0.0,0.0
2001-08-28,250.0,150.0,15.0,0.0,0.0
2001-08-29,250.0,122.0,122.0,0.0,0.0
2001-08-30,250.0,122.0,0.0,0.0,0.0
2001-08-31,228.0,122.0,0.0,0.0,0.0
2001-09-01,250.0,133.0,163.0,0.0,0.0
2001-09-02,172.0,50.0,0.0,0.0,0.0
2001-09-03,194.0,56.0,0.0,0.0,0.0
2001-09-04,222.0,128.0,0.0,0.0,0.0
2001-09-05,228.0,122.0,178.0,0.0,0.0
2001-09-06,194.0,72.0,0.0,0.0,0.0
2001-09-07,228.0,72.0,0.0,0.0,0.0
2001-09-08,256.0,144.0,0.0,0.0,0.0
2001-09-09,261.0,144.0,0.0,0.0,0.0
2001-09-10,250.0,156.0,0.0,0.0,0.0
2001-09-11,222.0,106.0,61.0,0.0,0.0
2001-09-12,217.0,89.0,0.0,0.0,0.0
2001-09-13,217.0,89.0,0.0,0.0,0.0
2001-09-14,244.0,78.0,185.0,0.0,0.0
2001-09-15,144.0,33.0,0.0,0.0,0.0
2001-09-16,161.0,39.0,0.0,0.0,0.0
2001-09-17,189.0,50.0,0.0,0.0,0.0
2001-09-18,217.0,83.0,0.0,0.0,0.0
2001-09-19,217.0,83.0,0.0,0.0,0.0
2001-09-20,217.0,128.0,43.0,0.0,0.0
2001-09-21,200.0,150.0,127.0,0.0,0.0
2001-09-22,211.0,128.0,0.0,0.0,0.0
2001-09-23,206.0,89.0,0.0,0.0,0.0
2001-09-24,217.0,89.0,0.0,0.0,0.0
2001-09-25,217.0,122.0,777.0,0.0,0.0
2001-09-26,128.0,28.0,0.0,0.0,0.0
2001-09-27,117.0,44.0,0.0,0.0,0.0
2001-09-28,117.0,44.0,41.0,0.0,0.0
2001-09-29,106.0,50.0,43.0,0.0,0.0
2001-09-30,144.0,22.0,0.0,0.0,0.0
2001-10-01,139.0,33.0,0.0,0.0,0.0
2001-10-02,183.0,67.0,0.0,0.0,0.0
2001-10-03,217.0,78.0,0.0,0.0,0.0
2001-10-04,228.0,122.0,0.0,0.0,0.0
2001-10-05,228.0,122.0,0.0,0.0,0.0
2001-10-06,228.0,83.0,53.0,0.0,0.0
2001-10-07,111.0,11.0,30.0,0.0,0.0
2001-10-08,67.0,-28.0,0.0,0.0,
2001-10-09,78.0,-17.0,0.0,0.0,0.0
2001-10-10,128.0,17.0,0.0,0.0,0.0
2001-10-11,178.0,39.0,0.0,0.0,0.0
2001-10-12,200.0,78.0,0.0,0.0,0.0
2001-10-13,194.0,117.0,5.0,0.0,0.0
2001-10-14,217.0,122.0,0.0,0.0,0.0
2001-10-15,167.0,56.0,175.0,0.0,0.0
2001-10-16,144.0,56.0,0.0,0.0,0.0
2001-10-17,139.0,39.0,152.0,0.0,0.0
2001-10-18,,,10.0,0.0,0.0
2001-10-19,139.0,6.0,0.0,0.0,0.0
2001-10-20,139.0,50.0,0.0,0.0,0.0
2001-10-21,156.0,67.0,10.0,0.0,0.0
2001-10-22,194.0,94.0,8.0,0.0,0.0
2001-10-23,128.0,61.0,18.0,0.0,0.0
2001-10-24,172.0,117.0,157.0,0.0,0.0
2001-10-25,211.0,122.0,0.0,0.0,0.0
2001-10-26,211.0,39.0,0.0,0.0,0.0
2001-10-27,89.0,0.0,0.0,0.0,0.0
2001-10-28,39.0,-11.0,0.0,0.0,0.0
2001-10-29,44.0,-28.0,0.0,0.0,0.0
2001-10-30,111.0,0.0,0.0,0.0,0.0
2001-10-31,89.0,17.0,0.0,0.0,0.0
2001-11-01,94.0,33.0,0.0,0.0,0.0
2001-11-02,150.0,78.0,0.0,0.0,0.0
2001-11-03,183.0,94.0,20.0,0.0,0.0
2001-11-04,150.0,28.0,0.0,0.0,0.0
2001-11-05,122.0,6.0,8.0,0.0,0.0
2001-11-06,22.0,0.0,0.0,0.0,0.0
2001-11-07,78.0,6.0,0.0,0.0,0.0
2001-11-08,133.0,17.0,0.0,0.0,0.0
2001-11-09,144.0,11.0,3.0,0.0,0.0
2001-11-10,144.0,6.0,0.0,0.0,0.0
2001-11-11,100.0,-11.0,0.0,0.0,0.0
2001-11-12,22.0,-50.0,0.0,0.0,0.0
2001-11-13,39.0,-50.0,0.0,0.0,0.0
2001-11-14,78.0,-11.0,0.0,0.0,0.0
2001-11-15,122.0,28.0,0.0,0.0,0.0
2001-11-16,139.0,89.0,13.0,0.0,0.0
2001-11-17,172.0,-6.0,0.0,0.0,0.0
2001-11-18,117.0,0.0,0.0,0.0,0.0
2001-11-19,117.0,28.0,0.0,0.0,0.0
2001-11-20,128.0,-6.0,56.0,0.0,0.0
2001-11-21,28.0,-39.0,0.0,0.0,0.0
2001-11-22,33.0,-28.0,0.0,0.0,0.0
2001-11-23,89.0,6.0,0.0,0.0,0.0
2001-11-24,122.0,50.0,0.0,0.0,0.0
2001-11-25,133.0,67.0,137.0,0.0,0.0
2001-11-26,144.0,50.0,424.0,0.0,0.0
2001-11-27,89.0,11.0,0.0,0.0,0.0
2001-11-28,83.0,39.0,102.0,0.0,0.0
2001-11-29,117.0,67.0,66.0,0.0,0.0
2001-11-30,139.0,67.0,15.0,0.0,0.0
2001-12-01,156.0,72.0,173.0,0.0,0.0
2001-12-02,111.0,17.0,0.0,0.0,0.0
2001-12-03,83.0,-6.0,0.0,0.0,0.0
2001-12-04,83.0,0.0,0.0,0.0,0.0
2001-12-05,133.0,33.0,0.0,0.0,0.0
2001-12-06,167.0,33.0,0.0,0.0,0.0
2001-12-07,150.0,56.0,5.0,0.0,0.0
2001-12-08,111.0,-11.0,0.0,0.0,0.0
2001-12-09,17.0,-17.0,165.0,51.0,89.0
2001-12-10,6.0,-50.0,0.0,25.0,0.0
2001-12-11,22.0,-50.0,0.0,25.0,0.0
2001-12-12,56.0,-33.0,0.0,25.0,0.0
2001-12-13,61.0,11.0,64.0,0.0,0.0
2001-12-14,100.0,61.0,79.0,0.0,0.0
2001-12-15,117.0,-17.0,61.0,0.0,0.0
2001-12-16,6.0,-61.0,0.0,0.0,0.0
2001-12-17,22.0,-50.0,61.0,0.0,0.0
2001-12-18,61.0,0.0,183.0,0.0,0.0
2001-12-19,33.0,6.0,8.0,0.0,0.0
2001-12-20,56.0,-11.0,10.0,0.0,0.0
2001-12-21,6.0,-28.0,0.0,0.0,0.0
2001-12-22,0.0,-56.0,0.0,0.0,0.0
2001-12-23,17.0,-56.0,0.0,0.0,0.0
2001-12-24,44.0,-50.0,56.0,0.0,0.0
2001-12-25,0.0,-83.0,0.0,0.0,0.0
2001-12-26,-33.0,-100.0,0.0,0.0,0.0
2001-12-27,-39.0,-111.0,0.0,0.0,0.0
2001-12-28,-61.0,-100.0,18.0,25.0,25.0
2001-12-29,-33.0,-94.0,15.0,25.0,25.0
2001-12-30,-39.0,-117.0,0.0,25.0,0.0
2001-12-31,-67.0,-133.0,0.0,25.0,0.0
2002-01-01,-61.0,-144.0,0.0,25.0,0.0
2002-01-02,-39.0,-144.0,0.0,25.0,0.0
2002-01-03,-28.0,-144.0,0.0,25.0,0.0
2002-01-04,-17.0,-122.0,0.0,25.0,0.0
2002-01-05,-22.0,-61.0,0.0,25.0,0.0
2002-01-06,17.0,-50.0,0.0,25.0,0.0
2002-01-07,22.0,-33.0,244.0,279.0,279.0
2002-01-08,-28.0,-128.0,58.0,305.0,51.0
2002-01-09,-28.0,-128.0,64.0,279.0,
2002-01-10,22.0,-44.0,18.0,254.0,0.0
2002-01-11,89.0,-11.0,64.0,203.0,0.0
2002-01-12,33.0,-33.0,30.0,203.0,0.0
2002-01-13,33.0,-33.0,0.0,203.0,0.0
2002-01-14,-6.0,-56.0,0.0,203.0,0.0
2002-01-15,28.0,-44.0,0.0,178.0,0.0
2002-01-16,17.0,-33.0,0.0,178.0,0.0
2002-01-17,-11.0,-33.0,5.0,178.0,13.0
2002-01-18,28.0,-67.0,3.0,178.0,28.0
2002-01-19,28.0,-117.0,0.0,178.0,0.0
2002-01-20,-28.0,-100.0,99.0,279.0,114.0
2002-01-21,-28.0,-100.0,20.0,305.0,25.0
2002-01-22,-6.0,-39.0,41.0,356.0,64.0
2002-01-23,44.0,-33.0,0.0,305.0,0.0
2002-01-24,56.0,28.0,10.0,229.0,0.0
2002-01-25,72.0,-39.0,41.0,152.0,0.0
2002-01-26,33.0,-39.0,0.0,76.0,0.0
2002-01-27,72.0,-11.0,0.0,51.0,0.0
2002-01-28,100.0,17.0,0.0,51.0,0.0
2002-01-29,100.0,44.0,0.0,0.0,0.0
2002-01-30,139.0,44.0,41.0,0.0,0.0
2002-01-31,94.0,-28.0,46.0,0.0,0.0
2002-02-01,94.0,-28.0,41.0,0.0,0.0
2002-02-02,94.0,-78.0,71.0,0.0,0.0
2002-02-03,-17.0,-78.0,0.0,0.0,0.0
2002-02-04,17.0,-61.0,0.0,0.0,0.0
2002-02-05,-11.0,-144.0,23.0,25.0,25.0
2002-02-06,-22.0,-128.0,0.0,,0.0
2002-02-07,11.0,-56.0,0.0,,0.0
2002-02-08,44.0,-22.0,0.0,,0.0
2002-02-09,67.0,-22.0,0.0,,0.0
2002-02-10,72.0,-22.0,0.0,0.0,0.0
2002-02-11,67.0,-78.0,338.0,25.0,25.0
2002-02-12,67.0,-111.0,0.0,0.0,0.0
2002-02-13,67.0,-111.0,8.0,25.0,25.0
2002-02-14,-44.0,-122.0,0.0,,0.0
2002-02-15,6.0,-122.0,0.0,,0.0
2002-02-16,67.0,-22.0,0.0,,0.0
2002-02-17,56.0,-28.0,10.0,25.0,25.0
2002-02-18,-6.0,-89.0,0.0,,0.0
2002-02-19,22.0,-89.0,0.0,,0.0
2002-02-20,78.0,-39.0,0.0,,0.0
2002-02-21,100.0,50.0,43.0,,0.0
2002-02-22,72.0,-11.0,8.0,0.0,0.0
2002-02-23,22.0,-56.0,0.0,0.0,0.0
2002-02-24,22.0,-78.0,0.0,0.0,0.0
2002-02-25,78.0,-67.0,0.0,0.0,0.0
2002-02-26,111.0,17.0,0.0,0.0,0.0
2002-02-27,117.0,-67.0,89.0,25.0,25.0
2002-02-28,-11.0,-94.0,10.0,0.0,0.0
2002-03-01,-6.0,-100.0,0.0,0.0,0.0
2002-03-02,28.0,-78.0,0.0,0.0,0.0
2002-03-03,83.0,0.0,180.0,0.0,0.0
2002-03-04,106.0,-78.0,0.0,0.0,0.0
2002-03-05,-56.0,-156.0,15.0,25.0,25.0
2002-03-06,6.0,-133.0,0.0,,0.0
2002-03-07,128.0,6.0,0.0,,0.0
2002-03-08,111.0,11.0,0.0,,0.0
2002-03-09,172.0,78.0,0.0,0.0,0.0
2002-03-10,144.0,-44.0,66.0,0.0,0.0
2002-03-11,-11.0,-94.0,0.0,0.0,0.0
2002-03-12,6.0,-83.0,0.0,0.0,0.0
2002-03-13,44.0,-6.0,0.0,0.0,0.0
2002-03-14,44.0,6.0,8.0,0.0,0.0
2002-03-15,150.0,44.0,0.0,0.0,0.0
2002-03-16,161.0,44.0,173.0,0.0,0.0
2002-03-17,56.0,-72.0,0.0,0.0,0.0
2002-03-18,22.0,-67.0,36.0,25.0,25.0
2002-03-19,17.0,-67.0,10.0,,0.0
2002-03-20,28.0,-11.0,58.0,51.0,51.0
2002-03-21,22.0,-17.0,99.0,25.0,0.0
2002-03-22,83.0,-122.0,23.0,25.0,25.0
2002-03-23,-50.0,-106.0,10.0,25.0,0.0
2002-03-24,44.0,-72.0,0.0,,0.0
2002-03-25,72.0,-44.0,10.0,0.0,0.0
2002-03-26,-6.0,-39.0,46.0,25.0,
2002-03-27,50.0,-6.0,429.0,0.0,0.0
2002-03-28,17.0,-61.0,0.0,0.0,0.0
2002-03-29,83.0,-33.0,0.0,0.0,0.0
2002-03-30,150.0,39.0,8.0,0.0,0.0
2002-03-31,150.0,28.0,0.0,0.0,0.0
2002-04-01,128.0,33.0,43.0,0.0,0.0
2002-04-02,78.0,-17.0,8.0,0.0,
2002-04-03,128.0,11.0,0.0,0.0,0.0
2002-04-04,100.0,-39.0,0.0,0.0,0.0
2002-04-05,44.0,-67.0,0.0,0.0,0.0
2002-04-06,6.0,-67.0,0.0,0.0,0.0
2002-04-07,17.0,-89.0,0.0,0.0,0.0
2002-04-08,67.0,-33.0,0.0,0.0,0.0
2002-04-09,133.0,28.0,0.0,0.0,0.0
2002-04-10,161.0,28.0,160.0,0.0,0.0
2002-04-11,128.0,17.0,0.0,0.0,0.0
2002-04-12,172.0,22.0,0.0,0.0,0.0
2002-04-13,172.0,22.0,0.0,0.0,0.0
2002-04-14,144.0,72.0,132.0,0.0,0.0
2002-04-15,206.0,89.0,147.0,0.0,0.0
2002-04-16,217.0,133.0,0.0,0.0,0.0
2002-04-17,294.0,150.0,0.0,0.0,0.0
2002-04-18,300.0,172.0,0.0,0.0,0.0
2002-04-19,278.0,144.0,0.0,0.0,0.0
2002-04-20,278.0,94.0,5.0,0.0,0.0
2002-04-21,117.0,11.0,23.0,0.0,0.0
2002-04-22,44.0,11.0,99.0,0.0,0.0
2002-04-23,67.0,-22.0,33.0,0.0,0.0
2002-04-24,78.0,-28.0,0.0,0.0,0.0
2002-04-25,128.0,-6.0,0.0,0.0,0.0
2002-04-26,78.0,-11.0,69.0,0.0,0.0
2002-04-27,117.0,-33.0,0.0,0.0,0.0
2002-04-28,128.0,-6.0,142.0,0.0,0.0
2002-04-29,139.0,33.0,112.0,0.0,0.0
2002-04-30,56.0,0.0,10.0,0.0,0.0
2002-05-01,117.0,6.0,38.0,0.0,0.0
2002-05-02,156.0,6.0,135.0,0.0,0.0
2002-05-03,189.0,22.0,5.0,0.0,0.0
2002-05-04,94.0,-17.0,0.0,0.0,0.0
2002-05-05,150.0,17.0,0.0,0.0,0.0
2002-05-06,200.0,56.0,0.0,0.0,0.0
2002-05-07,211.0,117.0,0.0,0.0,0.0
2002-05-08,211.0,67.0,0.0,0.0,0.0
2002-05-09,167.0,61.0,135.0,0.0,0.0
2002-05-10,117.0,67.0,28.0,0.0,0.0
2002-05-11,189.0,17.0,0.0,0.0,0.0
2002-05-12,156.0,56.0,71.0,0.0,0.0
2002-05-13,150.0,89.0,312.0,0.0,0.0
2002-05-14,161.0,39.0,549.0,0.0,0.0
2002-05-15,89.0,39.0,23.0,0.0,
2002-05-16,167.0,56.0,0.0,0.0,0.0
2002-05-17,222.0,122.0,28.0,0.0,0.0
2002-05-18,161.0,0.0,231.0,25.0,13.0
2002-05-19,56.0,-6.0,86.0,0.0,0.0
2002-05-20,83.0,0.0,0.0,0.0,0.0
2002-05-21,67.0,-22.0,8.0,0.0,0.0
2002-05-22,106.0,-6.0,0.0,0.0,0.0
2002-05-23,167.0,56.0,0.0,0.0,0.0
2002-05-24,211.0,111.0,0.0,0.0,0.0
2002-05-25,233.0,44.0,0.0,0.0,0.0
2002-05-26,178.0,56.0,0.0,0.0,0.0
2002-05-27,222.0,100.0,5.0,0.0,0.0
2002-05-28,239.0,100.0,0.0,0.0,0.0
2002-05-29,233.0,150.0,8.0,0.0,0.0
2002-05-30,211.0,150.0,5.0,0.0,0.0
2002-05-31,250.0,156.0,25.0,0.0,0.0
2002-06-01,256.0,117.0,132.0,0.0,0.0
2002-06-02,267.0,139.0,0.0,0.0,0.0
2002-06-03,200.0,44.0,0.0,0.0,0.0
2002-06-04,178.0,78.0,0.0,0.0,0.0
2002-06-05,206.0,133.0,5.0,0.0,0.0
2002-06-06,272.0,156.0,635.0,0.0,0.0
2002-06-07,156.0,89.0,262.0,0.0,0.0
2002-06-08,206.0,106.0,0.0,0.0,0.0
2002-06-09,211.0,122.0,0.0,0.0,0.0
2002-06-10,261.0,144.0,0.0,0.0,0.0
2002-06-11,261.0,172.0,0.0,0.0,0.0
2002-06-12,283.0,194.0,0.0,0.0,0.0
2002-06-13,244.0,139.0,127.0,0.0,0.0
2002-06-14,206.0,128.0,38.0,0.0,0.0
2002-06-15,139.0,117.0,284.0,0.0,0.0
2002-06-16,172.0,111.0,196.0,0.0,0.0
2002-06-17,183.0,100.0,23.0,0.0,0.0
2002-06-18,217.0,78.0,33.0,0.0,0.0
2002-06-19,222.0,89.0,175.0,0.0,15.0
2002-06-20,233.0,128.0,8.0,0.0,0.0
2002-06-21,250.0,122.0,0.0,0.0,0.0
2002-06-22,261.0,150.0,0.0,0.0,0.0
2002-06-23,272.0,178.0,0.0,0.0,0.0
2002-06-24,283.0,200.0,0.0,0.0,0.0
2002-06-25,278.0,178.0,0.0,0.0,0.0
2002-06-26,283.0,194.0,0.0,0.0,0.0
2002-06-27,289.0,194.0,0.0,0.0,0.0
2002-06-28,267.0,172.0,30.0,0.0,0.0
2002-06-29,244.0,122.0,0.0,0.0,0.0
2002-06-30,256.0,161.0,0.0,0.0,0.0
2002-07-01,272.0,167.0,0.0,0.0,0.0
2002-07-02,283.0,194.0,0.0,0.0,0.0
2002-07-03,311.0,200.0,0.0,0.0,0.0
2002-07-04,322.0,206.0,0.0,0.0,0.0
2002-07-05,311.0,150.0,15.0,0.0,0.0
2002-07-06,256.0,128.0,0.0,0.0,0.0
2002-07-07,217.0,111.0,0.0,0.0,0.0
2002-07-08,244.0,139.0,0.0,0.0,0.0
2002-07-09,283.0,139.0,0.0,0.0,0.0
2002-07-10,261.0,156.0,30.0,0.0,0.0
2002-07-11,217.0,83.0,0.0,0.0,0.0
2002-07-12,206.0,72.0,0.0,0.0,0.0
2002-07-13,244.0,111.0,0.0,0.0,0.0
2002-07-14,244.0,144.0,0.0,0.0,0.0
2002-07-15,244.0,161.0,0.0,0.0,0.0
2002-07-16,289.0,156.0,0.0,0.0,0.0
2002-07-17,267.0,150.0,0.0,0.0,0.0
2002-07-18,322.0,200.0,0.0,0.0,0.0
2002-07-19,306.0,183.0,0.0,0.0,0.0
2002-07-20,278.0,161.0,373.0,0.0,0.0
2002-07-21,261.0,156.0,0.0,0.0,0.0
2002-07-22,272.0,194.0,0.0,0.0,0.0
2002-07-23,300.0,211.0,0.0,0.0,0.0
2002-07-24,294.0,139.0,267.0,0.0,0.0
2002-07-25,233.0,133.0,0.0,0.0,0.0
2002-07-26,233.0,133.0,0.0,0.0,0.0
2002-07-27,183.0,133.0,20.0,0.0,0.0
2002-07-28,239.0,167.0,97.0,0.0,0.0
2002-07-29,267.0,167.0,25.0,0.0,0.0
2002-07-30,300.0,211.0,8.0,0.0,0.0
2002-07-31,278.0,161.0,5.0,0.0,0.0
2002-08-01,306.0,183.0,0.0,0.0,0.0
2002-08-02,311.0,194.0,0.0,0.0,0.0
2002-08-03,322.0,189.0,5.0,0.0,0.0
2002-08-04,300.0,161.0,0.0,0.0,0.0
2002-08-05,306.0,189.0,33.0,0.0,0.0
2002-08-06,278.0,133.0,160.0,0.0,0.0
2002-08-07,194.0,94.0,0.0,0.0,0.0
2002-08-08,217.0,94.0,0.0,0.0,0.0
2002-08-09,222.0,100.0,0.0,0.0,0.0
2002-08-10,250.0,122.0,0.0,0.0,0.0
2002-08-11,278.0,161.0,0.0,0.0,0.0
2002-08-12,294.0,178.0,0.0,0.0,0.0
2002-08-13,311.0,178.0,0.0,0.0,0.0
2002-08-14,311.0,189.0,5.0,0.0,0.0
2002-08-15,322.0,200.0,0.0,0.0,0.0
2002-08-16,294.0,206.0,5.0,0.0,0.0
2002-08-17,289.0,178.0,43.0,0.0,0.0
2002-08-18,294.0,189.0,20.0,0.0,0.0
2002-08-19,306.0,133.0,0.0,0.0,0.0
2002-08-20,278.0,150.0,64.0,0.0,0.0
2002-08-21,233.0,111.0,0.0,0.0,0.0
2002-08-22,267.0,128.0,0.0,0.0,0.0
2002-08-23,283.0,172.0,79.0,0.0,0.0
2002-08-24,244.0,172.0,76.0,0.0,0.0
2002-08-25,228.0,150.0,201.0,0.0,0.0
2002-08-26,239.0,122.0,0.0,0.0,0.0
2002-08-27,250.0,133.0,0.0,0.0,0.0
2002-08-28,250.0,139.0,0.0,0.0,0.0
2002-08-29,206.0,106.0,13.0,0.0,0.0
2002-08-30,133.0,106.0,13.0,0.0,0.0
2002-08-31,217.0,117.0,0.0,0.0,0.0
2002-09-01,244.0,111.0,0.0,0.0,0.0
2002-09-02,150.0,117.0,163.0,0.0,0.0
2002-09-03,206.0,128.0,3.0,0.0,0.0
2002-09-04,267.0,172.0,0.0,0.0,0.0
2002-09-05,261.0,133.0,0.0,0.0,0.0
2002-09-06,222.0,72.0,0.0,0.0,0.0
2002-09-07,244.0,72.0,0.0,0.0,0.0
2002-09-08,272.0,122.0,0.0,0.0,0.0
2002-09-09,289.0,128.0,0.0,0.0,0.0
2002-09-10,317.0,161.0,0.0,0.0,0.0
2002-09-11,317.0,161.0,0.0,0.0,0.0
2002-09-12,189.0,67.0,0.0,0.0,0.0
2002-09-13,200.0,89.0,0.0,0.0,0.0
2002-09-14,256.0,128.0,0.0,0.0,0.0
2002-09-15,278.0,139.0,5.0,0.0,0.0
2002-09-16,278.0,139.0,439.0,0.0,0.0
2002-09-17,189.0,94.0,5.0,0.0,0.0
2002-09-18,239.0,89.0,0.0,0.0,0.0
2002-09-19,228.0,117.0,0.0,0.0,0.0
2002-09-20,194.0,150.0,0.0,0.0,0.0
2002-09-21,244.0,172.0,0.0,0.0,0.0
2002-09-22,228.0,172.0,513.0,0.0,0.0
2002-09-23,194.0,100.0,,0.0,0.0
2002-09-24,167.0,44.0,0.0,0.0,0.0
2002-09-25,206.0,56.0,0.0,0.0,0.0
2002-09-26,200.0,89.0,0.0,0.0,0.0
2002-09-27,133.0,100.0,335.0,0.0,0.0
2002-09-28,206.0,117.0,208.0,0.0,0.0
2002-09-29,206.0,39.0,0.0,0.0,0.0
2002-09-30,183.0,44.0,0.0,0.0,0.0
2002-10-01,172.0,106.0,5.0,0.0,0.0
2002-10-02,233.0,128.0,0.0,0.0,0.0
2002-10-03,250.0,161.0,0.0,0.0,0.0
2002-10-04,250.0,139.0,8.0,0.0,0.0
2002-10-05,194.0,139.0,66.0,0.0,0.0
2002-10-06,206.0,56.0,0.0,0.0,0.0
2002-10-07,167.0,56.0,0.0,0.0,0.0
2002-10-08,167.0,17.0,0.0,0.0,0.0
2002-10-09,122.0,44.0,0.0,0.0,0.0
2002-10-10,133.0,83.0,0.0,0.0,0.0
2002-10-11,128.0,106.0,262.0,0.0,0.0
2002-10-12,122.0,106.0,782.0,0.0,0.0
2002-10-13,150.0,106.0,5.0,0.0,0.0
2002-10-14,150.0,0.0,28.0,0.0,0.0
2002-10-15,83.0,0.0,0.0,0.0,0.0
2002-10-16,-11.0,-6.0,132.0,0.0,0.0
2002-10-17,72.0,39.0,340.0,0.0,0.0
2002-10-18,106.0,-6.0,10.0,0.0,0.0
2002-10-19,89.0,-11.0,0.0,0.0,0.0
2002-10-20,83.0,22.0,38.0,0.0,0.0
2002-10-21,100.0,6.0,0.0,0.0,0.0
2002-10-22,78.0,-22.0,0.0,0.0,0.0
2002-10-23,106.0,6.0,0.0,0.0,0.0
2002-10-24,61.0,-44.0,0.0,0.0,0.0
2002-10-25,44.0,-44.0,30.0,0.0,0.0
2002-10-26,78.0,6.0,211.0,0.0,0.0
2002-10-27,111.0,56.0,0.0,0.0,0.0
2002-10-28,111.0,17.0,0.0,0.0,0.0
2002-10-29,72.0,-33.0,0.0,0.0,0.0
2002-10-30,17.0,-28.0,38.0,25.0,25.0
2002-10-31,-6.0,-56.0,25.0,51.0,25.0
2002-11-01,50.0,-22.0,0.0,,0.0
2002-11-02,33.0,-44.0,10.0,25.0,25.0
2002-11-03,11.0,-33.0,0.0,,0.0
2002-11-04,17.0,-17.0,0.0,,0.0
2002-11-05,22.0,-17.0,0.0,,0.0
2002-11-06,56.0,0.0,81.0,0.0,13.0
2002-11-07,50.0,-11.0,8.0,0.0,0.0
2002-11-08,17.0,-28.0,0.0,0.0,0.0
2002-11-09,111.0,6.0,0.0,0.0,0.0
2002-11-10,144.0,61.0,0.0,0.0,0.0
2002-11-11,172.0,106.0,43.0,0.0,0.0
2002-11-12,156.0,61.0,8.0,0.0,0.0
2002-11-13,78.0,22.0,152.0,0.0,0.0
2002-11-14,39.0,0.0,0.0,0.0,0.0
2002-11-15,94.0,0.0,0.0,0.0,0.0
2002-11-16,111.0,-11.0,38.0,0.0,0.0
2002-11-17,28.0,-11.0,173.0,0.0,0.0
2002-11-18,17.0,-17.0,109.0,76.0,76.0
2002-11-19,6.0,-39.0,0.0,25.0,0.0
2002-11-20,22.0,-17.0,5.0,25.0,0.0
2002-11-21,83.0,22.0,0.0,,0.0
2002-11-22,61.0,33.0,81.0,,0.0
2002-11-23,61.0,-44.0,94.0,25.0,13.0
2002-11-24,17.0,-39.0,0.0,,0.0
2002-11-25,50.0,-39.0,0.0,,0.0
2002-11-26,67.0,-28.0,0.0,,0.0
2002-11-27,22.0,-50.0,43.0,76.0,64.0
2002-11-28,-28.0,-100.0,0.0,51.0,0.0
2002-11-29,-28.0,-100.0,0.0,25.0,0.0
2002-11-30,28.0,-39.0,0.0,,0.0
2002-12-01,44.0,-78.0,0.0,0.0,0.0
2002-12-02,44.0,-89.0,0.0,0.0,0.0
2002-12-03,-28.0,-167.0,25.0,76.0,76.0
2002-12-04,-94.0,-167.0,0.0,51.0,0.0
2002-12-05,-44.0,-150.0,13.0,25.0,13.0
2002-12-06,-44.0,-78.0,102.0,229.0,191.0
2002-12-07,-44.0,-111.0,0.0,152.0,0.0
2002-12-08,-22.0,-94.0,0.0,152.0,0.0
2002-12-09,-11.0,-167.0,15.0,152.0,13.0
2002-12-10,-67.0,-167.0,0.0,102.0,0.0
2002-12-11,11.0,-122.0,0.0,102.0,0.0
2002-12-12,17.0,-28.0,203.0,152.0,51.0
2002-12-13,6.0,-22.0,0.0,152.0,0.0
2002-12-14,22.0,-11.0,107.0,152.0,25.0
2002-12-15,11.0,-6.0,36.0,102.0,0.0
2002-12-16,6.0,-39.0,25.0,76.0,0.0
2002-12-17,6.0,-111.0,10.0,102.0,25.0
2002-12-18,-56.0,-139.0,0.0,76.0,0.0
2002-12-19,6.0,-100.0,0.0,76.0,0.0
2002-12-20,94.0,-17.0,142.0,0.0,0.0
2002-12-21,100.0,-22.0,71.0,25.0,25.0
2002-12-22,11.0,-28.0,10.0,25.0,0.0
2002-12-23,33.0,-33.0,0.0,0.0,0.0
2002-12-24,33.0,-44.0,0.0,0.0,0.0
2002-12-25,-17.0,-44.0,20.0,25.0,25.0
2002-12-26,-22.0,-72.0,224.0,279.0,279.0
2002-12-27,-22.0,-61.0,25.0,203.0,25.0
2002-12-28,-44.0,-106.0,0.0,178.0,0.0
2002-12-29,-22.0,-72.0,10.0,178.0,0.0
2002-12-30,11.0,-72.0,0.0,127.0,0.0
2002-12-31,17.0,-67.0,18.0,76.0,
2003-01-01,78.0,-6.0,10.0,51.0,0.0
2003-01-02,-6.0,-67.0,224.0,51.0,0.0
2003-01-03,-33.0,-67.0,51.0,76.0,51.0
2003-01-04,-28.0,-67.0,178.0,203.0,193.0
2003-01-05,-28.0,-61.0,0.0,203.0,0.0
2003-01-06,-33.0,-72.0,15.0,229.0,25.0
2003-01-07,-22.0,-122.0,51.0,305.0,76.0
2003-01-08,-11.0,-122.0,15.0,330.0,51.0
2003-01-09,17.0,-122.0,0.0,305.0,0.0
2003-01-10,28.0,-44.0,13.0,254.0,25.0
2003-01-11,-39.0,-106.0,15.0,279.0,25.0
2003-01-12,-67.0,-111.0,0.0,279.0,0.0
2003-01-13,-44.0,-111.0,0.0,279.0,0.0
2003-01-14,-44.0,-144.0,13.0,305.0,25.0
2003-01-15,-89.0,-139.0,8.0,305.0,0.0
2003-01-16,-78.0,-144.0,0.0,279.0,0.0
2003-01-17,-89.0,-139.0,18.0,279.0,0.0
2003-01-18,-83.0,-222.0,10.0,305.0,0.0
2003-01-19,-100.0,-200.0,0.0,305.0,0.0
2003-01-20,-83.0,-139.0,20.0,356.0,51.0
2003-01-21,-89.0,-178.0,0.0,356.0,0.0
2003-01-22,-94.0,-178.0,0.0,356.0,0.0
2003-01-23,-106.0,-200.0,0.0,356.0,0.0
2003-01-24,-106.0,-200.0,18.0,381.0,25.0
2003-01-25,-78.0,-178.0,0.0,356.0,0.0
2003-01-26,-67.0,-122.0,0.0,356.0,0.0
2003-01-27,-61.0,-194.0,124.0,432.0,76.0
2003-01-28,-150.0,-200.0,0.0,432.0,0.0
2003-01-29,-72.0,-161.0,13.0,457.0,25.0
2003-01-30,-17.0,-133.0,0.0,406.0,0.0
2003-01-31,-22.0,-139.0,0.0,356.0,0.0
2003-02-01,6.0,-56.0,0.0,254.0,0.0
2003-02-02,17.0,-6.0,30.0,203.0,25.0
2003-02-03,17.0,-28.0,0.0,203.0,0.0
2003-02-04,61.0,-28.0,168.0,178.0,0.0
2003-02-05,33.0,-89.0,58.0,203.0,25.0
2003-02-06,-56.0,-133.0,0.0,203.0,0.0
2003-02-07,-50.0,-133.0,38.0,254.0,51.0
2003-02-08,-28.0,-139.0,10.0,254.0,0.0
2003-02-09,-67.0,-128.0,0.0,254.0,0.0
2003-02-10,-39.0,-89.0,0.0,254.0,0.0
2003-02-11,-28.0,-178.0,51.0,330.0,76.0
2003-02-12,-67.0,-172.0,25.0,330.0,51.0
2003-02-13,-89.0,-150.0,20.0,356.0,25.0
2003-02-14,-94.0,-156.0,0.0,356.0,0.0
2003-02-15,-50.0,-144.0,0.0,356.0,0.0
2003-02-16,-117.0,-194.0,0.0,356.0,0.0
2003-02-17,-111.0,-194.0,112.0,533.0,178.0
2003-02-18,-72.0,-117.0,114.0,686.0,152.0
2003-02-19,-33.0,-117.0,0.0,533.0,0.0
2003-02-20,0.0,-50.0,0.0,533.0,0.0
2003-02-21,50.0,-67.0,0.0,432.0,0.0
2003-02-22,67.0,-56.0,10.0,356.0,0.0
2003-02-23,50.0,11.0,180.0,305.0,0.0
2003-02-24,44.0,-106.0,18.0,305.0,0.0
2003-02-25,-50.0,-106.0,30.0,356.0,51.0
2003-02-26,-50.0,-156.0,0.0,356.0,0.0
2003-02-27,-50.0,-156.0,0.0,356.0,0.0
2003-02-28,-39.0,-83.0,0.0,330.0,0.0
2003-03-01,-17.0,-50.0,0.0,305.0,0.0
2003-03-02,6.0,-33.0,20.0,279.0,0.0
2003-03-03,22.0,-200.0,10.0,254.0,0.0
2003-03-04,-100.0,-194.0,0.0,254.0,0.0
2003-03-05,17.0,-100.0,0.0,254.0,0.0
2003-03-06,44.0,-72.0,15.0,254.0,0.0
2003-03-07,-67.0,-178.0,86.0,356.0,127.0
2003-03-08,-28.0,-178.0,0.0,305.0,0.0
2003-03-09,44.0,-67.0,13.0,254.0,0.0
2003-03-10,6.0,-139.0,0.0,254.0,0.0
2003-03-11,-61.0,-139.0,0.0,254.0,0.0
2003-03-12,0.0,-111.0,0.0,254.0,0.0
2003-03-13,61.0,-17.0,0.0,203.0,0.0
2003-03-14,61.0,-128.0,86.0,279.0,76.0
2003-03-15,17.0,-111.0,0.0,254.0,0.0
2003-03-16,89.0,0.0,0.0,229.0,0.0
2003-03-17,139.0,50.0,0.0,102.0,0.0
2003-03-18,183.0,61.0,0.0,51.0,0.0
2003-03-19,72.0,-22.0,0.0,,0.0
2003-03-20,67.0,-28.0,46.0,0.0,0.0
2003-03-21,67.0,-28.0,229.0,0.0,0.0
2003-03-22,167.0,28.0,0.0,0.0,0.0
2003-03-23,100.0,11.0,3.0,0.0,0.0
2003-03-24,94.0,-11.0,0.0,0.0,0.0
2003-03-25,133.0,33.0,0.0,0.0,0.0
2003-03-26,189.0,61.0,0.0,0.0,0.0
2003-03-27,67.0,-11.0,71.0,0.0,0.0
2003-03-28,128.0,6.0,0.0,0.0,0.0
2003-03-29,144.0,94.0,10.0,0.0,0.0
2003-03-30,144.0,-17.0,137.0,0.0,0.0
2003-03-31,-17.0,-78.0,79.0,127.0,152.0
2003-04-01,-11.0,-100.0,30.0,76.0,25.0
2003-04-02,67.0,-100.0,94.0,,25.0
2003-04-03,206.0,28.0,0.0,,0.0
2003-04-04,167.0,28.0,0.0,,0.0
2003-04-05,167.0,-6.0,132.0,0.0,0.0
2003-04-06,44.0,-67.0,8.0,0.0,0.0
2003-04-07,28.0,-61.0,0.0,0.0,0.0
2003-04-08,-28.0,-44.0,117.0,102.0,127.0
2003-04-09,0.0,-33.0,0.0,76.0,0.0
2003-04-10,6.0,-17.0,0.0,25.0,0.0
2003-04-11,117.0,-11.0,0.0,,0.0
2003-04-12,44.0,6.0,211.0,,0.0
2003-04-13,144.0,-22.0,0.0,0.0,0.0
2003-04-14,100.0,-22.0,0.0,0.0,0.0
2003-04-15,172.0,-6.0,0.0,0.0,0.0
2003-04-16,261.0,106.0,0.0,0.0,0.0
2003-04-17,261.0,-11.0,0.0,0.0,0.0
2003-04-18,39.0,-17.0,8.0,0.0,0.0
2003-04-19,50.0,-6.0,20.0,0.0,0.0
2003-04-20,178.0,39.0,0.0,0.0,0.0
2003-04-21,178.0,56.0,0.0,0.0,0.0
2003-04-22,117.0,83.0,79.0,0.0,0.0
2003-04-23,117.0,-6.0,3.0,0.0,0.0
2003-04-24,17.0,-28.0,3.0,0.0,0.0
2003-04-25,122.0,-11.0,0.0,0.0,0.0
2003-04-26,178.0,-11.0,30.0,0.0,0.0
2003-04-27,111.0,33.0,48.0,0.0,0.0
2003-04-28,167.0,50.0,0.0,0.0,0.0
2003-04-29,233.0,117.0,0.0,0.0,0.0
2003-04-30,194.0,50.0,15.0,0.0,0.0
2003-05-01,194.0,50.0,5.0,0.0,0.0
2003-05-02,233.0,50.0,8.0,0.0,0.0
2003-05-03,211.0,39.0,0.0,0.0,0.0
2003-05-04,144.0,22.0,0.0,0.0,0.0
2003-05-05,183.0,61.0,0.0,0.0,0.0
2003-05-06,94.0,28.0,8.0,0.0,0.0
2003-05-07,167.0,56.0,0.0,0.0,0.0
2003-05-08,228.0,111.0,91.0,0.0,0.0
2003-05-09,228.0,83.0,5.0,0.0,0.0
2003-05-10,144.0,78.0,0.0,0.0,0.0
2003-05-11,222.0,111.0,0.0,0.0,0.0
2003-05-12,206.0,100.0,119.0,0.0,0.0
2003-05-13,100.0,50.0,46.0,0.0,0.0
2003-05-14,83.0,50.0,10.0,0.0,0.0
2003-05-15,122.0,39.0,8.0,0.0,0.0
2003-05-16,167.0,83.0,23.0,0.0,0.0
2003-05-17,100.0,61.0,79.0,0.0,0.0
2003-05-18,133.0,56.0,0.0,0.0,0.0
2003-05-19,194.0,33.0,0.0,0.0,0.0
2003-05-20,222.0,78.0,0.0,0.0,0.0
2003-05-21,217.0,78.0,56.0,0.0,0.0
2003-05-22,94.0,56.0,5.0,0.0,0.0
2003-05-23,139.0,56.0,0.0,0.0,0.0
2003-05-24,156.0,89.0,107.0,0.0,0.0
2003-05-25,122.0,106.0,109.0,0.0,0.0
2003-05-26,194.0,106.0,61.0,0.0,0.0
2003-05-27,144.0,78.0,0.0,0.0,0.0
2003-05-28,172.0,94.0,0.0,0.0,0.0
2003-05-29,167.0,78.0,33.0,0.0,0.0
2003-05-30,194.0,89.0,0.0,0.0,0.0
2003-05-31,206.0,94.0,10.0,0.0,0.0
2003-06-01,206.0,61.0,434.0,0.0,0.0
2003-06-02,89.0,39.0,36.0,0.0,0.0
2003-06-03,178.0,67.0,0.0,0.0,0.0
2003-06-04,144.0,83.0,91.0,0.0,0.0
2003-06-05,150.0,89.0,10.0,0.0,0.0
2003-06-06,167.0,94.0,0.0,0.0,0.0
2003-06-07,206.0,94.0,46.0,0.0,0.0
2003-06-08,150.0,117.0,76.0,0.0,0.0
2003-06-09,206.0,117.0,10.0,0.0,0.0
2003-06-10,211.0,89.0,0.0,0.0,0.0
2003-06-11,233.0,122.0,0.0,0.0,0.0
2003-06-12,211.0,167.0,97.0,0.0,0.0
2003-06-13,206.0,172.0,46.0,0.0,0.0
2003-06-14,239.0,172.0,0.0,0.0,0.0
2003-06-15,244.0,122.0,0.0,0.0,0.0
2003-06-16,233.0,72.0,0.0,0.0,0.0
2003-06-17,233.0,94.0,0.0,0.0,0.0
2003-06-18,194.0,111.0,94.0,0.0,0.0
2003-06-19,156.0,117.0,10.0,0.0,0.0
2003-06-20,233.0,117.0,13.0,0.0,0.0
2003-06-21,139.0,111.0,572.0,0.0,0.0
2003-06-22,144.0,111.0,152.0,0.0,0.0
2003-06-23,217.0,122.0,13.0,0.0,0.0
2003-06-24,272.0,144.0,0.0,0.0,0.0
2003-06-25,294.0,156.0,0.0,0.0,0.0
2003-06-26,306.0,183.0,0.0,0.0,0.0
2003-06-27,300.0,194.0,0.0,0.0,0.0
2003-06-28,244.0,122.0,0.0,0.0,0.0
2003-06-29,250.0,144.0,0.0,0.0,0.0
2003-06-30,256.0,189.0,0.0,0.0,0.0
2003-07-01,,,,0.0,0.0
2003-07-02,256.0,117.0,0.0,0.0,0.0
2003-07-03,261.0,156.0,0.0,0.0,0.0
2003-07-04,278.0,172.0,0.0,0.0,0.0
2003-07-05,289.0,178.0,5.0,0.0,0.0
2003-07-06,289.0,189.0,0.0,0.0,0.0
2003-07-07,283.0,183.0,0.0,0.0,0.0
2003-07-08,261.0,183.0,79.0,0.0,0.0
2003-07-09,289.0,183.0,0.0,0.0,0.0
2003-07-10,200.0,122.0,64.0,0.0,0.0
2003-07-11,183.0,144.0,457.0,0.0,0.0
2003-07-12,250.0,133.0,15.0,0.0,0.0
2003-07-13,233.0,117.0,0.0,0.0,0.0
2003-07-14,239.0,128.0,0.0,0.0,0.0
2003-07-15,256.0,144.0,8.0,0.0,0.0
2003-07-16,250.0,167.0,71.0,0.0,0.0
2003-07-17,267.0,117.0,0.0,0.0,0.0
2003-07-18,261.0,133.0,5.0,0.0,0.0
2003-07-19,261.0,94.0,64.0,0.0,0.0
2003-07-20,239.0,117.0,0.0,0.0,0.0
2003-07-21,239.0,161.0,0.0,0.0,0.0
2003-07-22,267.0,139.0,254.0,0.0,0.0
2003-07-23,217.0,156.0,114.0,0.0,0.0
2003-07-24,250.0,167.0,5.0,0.0,0.0
2003-07-25,217.0,122.0,15.0,0.0,0.0
2003-07-26,256.0,139.0,0.0,0.0,0.0
2003-07-27,261.0,189.0,0.0,0.0,0.0
2003-07-28,256.0,161.0,279.0,0.0,0.0
2003-07-29,228.0,111.0,0.0,0.0,0.0
2003-07-30,244.0,128.0,0.0,0.0,0.0
2003-07-31,261.0,122.0,0.0,0.0,0.0
2003-08-01,233.0,150.0,122.0,0.0,0.0
2003-08-02,233.0,150.0,25.0,0.0,0.0
2003-08-03,267.0,172.0,206.0,0.0,0.0
2003-08-04,256.0,194.0,25.0,0.0,0.0
2003-08-05,267.0,183.0,0.0,0.0,0.0
2003-08-06,233.0,167.0,61.0,0.0,0.0
2003-08-07,239.0,156.0,13.0,0.0,0.0
2003-08-08,256.0,172.0,3.0,0.0,0.0
2003-08-09,272.0,183.0,292.0,0.0,0.0
2003-08-10,239.0,189.0,218.0,0.0,0.0
2003-08-11,261.0,178.0,51.0,0.0,0.0
2003-08-12,228.0,178.0,112.0,0.0,10.0
2003-08-13,261.0,172.0,0.0,0.0,0.0
2003-08-14,289.0,172.0,5.0,0.0,0.0
2003-08-15,289.0,172.0,0.0,0.0,0.0
2003-08-16,278.0,194.0,0.0,0.0,0.0
2003-08-17,272.0,167.0,335.0,0.0,0.0
2003-08-18,228.0,122.0,0.0,0.0,0.0
2003-08-19,233.0,133.0,0.0,0.0,0.0
2003-08-20,261.0,139.0,0.0,0.0,0.0
2003-08-21,267.0,139.0,0.0,0.0,0.0
2003-08-22,272.0,194.0,0.0,0.0,0.0
2003-08-23,289.0,128.0,0.0,0.0,0.0
2003-08-24,222.0,83.0,0.0,0.0,0.0
2003-08-25,217.0,111.0,0.0,0.0,0.0
2003-08-26,272.0,117.0,0.0,0.0,0.0
2003-08-27,228.0,117.0,13.0,0.0,0.0
2003-08-28,261.0,111.0,0.0,0.0,0.0
2003-08-29,239.0,139.0,0.0,0.0,0.0
2003-08-30,261.0,178.0,132.0,0.0,0.0
2003-08-31,189.0,72.0,10.0,0.0,0.0
2003-09-01,211.0,83.0,147.0,0.0,0.0
2003-09-02,194.0,133.0,572.0,0.0,0.0
2003-09-03,194.0,133.0,97.0,0.0,0.0
2003-09-04,183.0,139.0,300.0,0.0,0.0
2003-09-05,222.0,106.0,33.0,0.0,0.0
2003-09-06,167.0,78.0,0.0,0.0,0.0
2003-09-07,206.0,83.0,0.0,0.0,0.0
2003-09-08,239.0,100.0,0.0,0.0,0.0
2003-09-09,211.0,117.0,0.0,0.0,0.0
2003-09-10,206.0,83.0,0.0,0.0,0.0
2003-09-11,211.0,83.0,0.0,0.0,0.0
2003-09-12,239.0,122.0,0.0,0.0,0.0
2003-09-13,194.0,128.0,10.0,0.0,0.0
2003-09-14,200.0,150.0,79.0,0.0,0.0
2003-09-15,239.0,172.0,0.0,0.0,0.0
2003-09-16,222.0,100.0,71.0,0.0,0.0
2003-09-17,211.0,94.0,0.0,0.0,0.0
2003-09-18,211.0,94.0,0.0,0.0,0.0
2003-09-19,200.0,106.0,51.0,0.0,0.0
2003-09-20,194.0,150.0,145.0,0.0,0.0
2003-09-21,211.0,78.0,0.0,0.0,0.0
2003-09-22,206.0,83.0,0.0,0.0,0.0
2003-09-23,178.0,144.0,513.0,0.0,0.0
2003-09-24,194.0,78.0,0.0,0.0,0.0
2003-09-25,183.0,89.0,0.0,0.0,0.0
2003-09-26,167.0,61.0,23.0,0.0,0.0
2003-09-27,189.0,61.0,0.0,0.0,0.0
2003-09-28,222.0,94.0,119.0,0.0,0.0
2003-09-29,222.0,61.0,28.0,0.0,0.0
2003-09-30,122.0,39.0,0.0,0.0,0.0
2003-10-01,128.0,44.0,20.0,0.0,0.0
2003-10-02,100.0,22.0,0.0,0.0,0.0
2003-10-03,78.0,-22.0,8.0,0.0,
2003-10-04,94.0,-22.0,94.0,0.0,
2003-10-05,67.0,22.0,119.0,0.0,0.0
2003-10-06,89.0,-11.0,0.0,0.0,0.0
2003-10-07,106.0,0.0,0.0,0.0,0.0
2003-10-08,139.0,33.0,0.0,0.0,0.0
2003-10-09,194.0,67.0,0.0,0.0,0.0
2003-10-10,233.0,106.0,0.0,0.0,0.0
2003-10-11,239.0,72.0,0.0,0.0,0.0
2003-10-12,228.0,72.0,0.0,0.0,0.0
2003-10-13,217.0,56.0,0.0,0.0,0.0
2003-10-14,178.0,61.0,0.0,0.0,0.0
2003-10-15,139.0,72.0,434.0,0.0,0.0
2003-10-16,139.0,33.0,8.0,0.0,0.0
2003-10-17,111.0,0.0,0.0,0.0,0.0
2003-10-18,78.0,-6.0,0.0,0.0,0.0
2003-10-19,83.0,-6.0,10.0,0.0,0.0
2003-10-20,89.0,-11.0,0.0,0.0,0.0
2003-10-21,117.0,-6.0,0.0,0.0,0.0
2003-10-22,189.0,33.0,0.0,0.0,0.0
2003-10-23,33.0,-22.0,15.0,0.0,0.0
2003-10-24,6.0,-28.0,0.0,0.0,0.0
2003-10-25,72.0,-11.0,0.0,0.0,0.0
2003-10-26,117.0,28.0,0.0,0.0,0.0
2003-10-27,144.0,72.0,389.0,0.0,0.0
2003-10-28,72.0,-11.0,338.0,0.0,0.0
2003-10-29,94.0,0.0,122.0,0.0,0.0
2003-10-30,72.0,0.0,76.0,0.0,0.0
2003-10-31,117.0,0.0,0.0,0.0,0.0
2003-11-01,194.0,78.0,0.0,0.0,0.0
2003-11-02,200.0,72.0,5.0,0.0,0.0
2003-11-03,156.0,100.0,15.0,0.0,0.0
2003-11-04,211.0,72.0,0.0,0.0,0.0
2003-11-05,-111.0,78.0,10.0,0.0,0.0
2003-11-06,144.0,56.0,119.0,0.0,0.0
2003-11-07,61.0,11.0,10.0,0.0,0.0
2003-11-08,94.0,-33.0,0.0,0.0,0.0
2003-11-09,-11.0,-94.0,0.0,0.0,0.0
2003-11-10,17.0,-72.0,0.0,0.0,0.0
2003-11-11,44.0,-50.0,0.0,0.0,0.0
2003-11-12,83.0,22.0,53.0,0.0,0.0
2003-11-13,144.0,67.0,23.0,0.0,0.0
2003-11-14,33.0,-39.0,8.0,0.0,0.0
2003-11-15,17.0,-39.0,0.0,0.0,0.0
2003-11-16,56.0,-11.0,5.0,0.0,0.0
2003-11-17,61.0,-11.0,0.0,0.0,0.0
2003-11-18,89.0,22.0,3.0,0.0,0.0
2003-11-19,128.0,39.0,56.0,0.0,0.0
2003-11-20,161.0,28.0,513.0,0.0,0.0
2003-11-21,44.0,-6.0,0.0,0.0,0.0
2003-11-22,144.0,22.0,0.0,0.0,0.0
2003-11-23,144.0,33.0,0.0,0.0,0.0
2003-11-24,128.0,56.0,0.0,0.0,0.0
2003-11-25,111.0,-50.0,86.0,25.0,25.0
2003-11-26,-11.0,-50.0,,,25.0
2003-11-27,44.0,-50.0,0.0,,0.0
2003-11-28,100.0,-50.0,13.0,,0.0
2003-11-29,128.0,-11.0,254.0,0.0,0.0
2003-11-30,17.0,-33.0,0.0,0.0,0.0
2003-12-01,50.0,-33.0,0.0,0.0,0.0
2003-12-02,-11.0,-61.0,,0.0,
2003-12-03,-11.0,-111.0,8.0,25.0,25.0
2003-12-04,-50.0,-111.0,0.0,25.0,0.0
2003-12-05,28.0,-106.0,0.0,,0.0
2003-12-06,22.0,-111.0,81.0,127.0,127.0
2003-12-07,-67.0,-100.0,25.0,203.0,76.0
2003-12-08,-72.0,-117.0,10.0,203.0,25.0
2003-12-09,-28.0,-106.0,0.0,178.0,0.0
2003-12-10,6.0,-106.0,0.0,127.0,0.0
2003-12-11,94.0,-6.0,500.0,0.0,0.0
2003-12-12,94.0,-33.0,152.0,0.0,0.0
2003-12-13,-17.0,-100.0,5.0,25.0,25.0
2003-12-14,-50.0,-100.0,46.0,76.0,64.0
2003-12-15,-33.0,-83.0,272.0,229.0,229.0
2003-12-16,-22.0,-72.0,0.0,203.0,0.0
2003-12-17,39.0,-72.0,0.0,127.0,0.0
2003-12-18,33.0,-67.0,,127.0,28.0
2003-12-19,-39.0,-72.0,0.0,127.0,0.0
2003-12-20,-22.0,-78.0,0.0,127.0,0.0
2003-12-21,-22.0,-89.0,0.0,127.0,0.0
2003-12-22,11.0,-89.0,0.0,127.0,0.0
2003-12-23,61.0,-89.0,0.0,102.0,0.0
2003-12-24,100.0,50.0,18.0,25.0,0.0
2003-12-25,94.0,-44.0,173.0,0.0,0.0
2003-12-26,-11.0,-50.0,0.0,0.0,0.0
2003-12-27,22.0,-33.0,0.0,0.0,0.0
2003-12-28,39.0,-44.0,0.0,0.0,0.0
2003-12-29,78.0,-11.0,0.0,0.0,0.0
2003-12-30,117.0,-11.0,76.0,0.0,0.0
2003-12-31,28.0,-50.0,0.0,0.0,0.0
2004-01-01,33.0,-50.0,0.0,0.0,0.0
2004-01-02,44.0,-28.0,61.0,25.0,
2004-01-03,61.0,0.0,58.0,0.0,0.0
2004-01-04,100.0,0.0,46.0,0.0,0.0
2004-01-05,28.0,-17.0,249.0,0.0,0.0
2004-01-06,6.0,-61.0,10.0,0.0,0.0
2004-01-07,6.0,-156.0,25.0,51.0,51.0
2004-01-08,-100.0,-139.0,8.0,76.0,25.0
2004-01-09,-56.0,-189.0,0.0,51.0,0.0
2004-01-10,-167.0,-233.0,0.0,25.0,0.0
2004-01-11,-156.0,-222.0,0.0,,0.0
2004-01-12,-56.0,-178.0,20.0,51.0,25.0
2004-01-13,-6.0,-56.0,13.0,51.0,25.0
2004-01-14,-6.0,-206.0,18.0,102.0,38.0
2004-01-15,-133.0,-200.0,71.0,254.0,152.0
2004-01-16,-150.0,-228.0,0.0,152.0,0.0
2004-01-17,-94.0,-178.0,0.0,152.0,0.0
2004-01-18,-44.0,-144.0,33.0,178.0,38.0
2004-01-19,-22.0,-122.0,8.0,152.0,25.0
2004-01-20,-89.0,-122.0,0.0,152.0,0.0
2004-01-21,-72.0,-133.0,0.0,127.0,0.0
2004-01-22,-72.0,-128.0,0.0,127.0,0.0
2004-01-23,-22.0,-183.0,13.0,152.0,38.0
2004-01-24,-122.0,-183.0,3.0,152.0,0.0
2004-01-25,-106.0,-211.0,0.0,152.0,0.0
2004-01-26,-111.0,-211.0,8.0,178.0,13.0
2004-01-27,-83.0,-133.0,66.0,229.0,76.0
2004-01-28,-67.0,-89.0,122.0,381.0,152.0
2004-01-29,-67.0,-122.0,10.0,305.0,25.0
2004-01-30,-67.0,-172.0,0.0,305.0,0.0
2004-01-31,-106.0,-161.0,0.0,279.0,0.0
2004-02-01,-89.0,-139.0,0.0,254.0,0.0
2004-02-02,-44.0,-122.0,0.0,254.0,0.0
2004-02-03,22.0,-122.0,0.0,254.0,0.0
2004-02-04,6.0,-39.0,373.0,432.0,178.0
2004-02-05,-11.0,-122.0,0.0,381.0,0.0
2004-02-06,-28.0,-111.0,137.0,432.0,64.0
2004-02-07,11.0,-28.0,51.0,406.0,0.0
2004-02-08,-6.0,-150.0,0.0,356.0,0.0
2004-02-09,17.0,-150.0,0.0,356.0,0.0
2004-02-10,-6.0,-67.0,0.0,356.0,0.0
2004-02-11,22.0,-72.0,18.0,356.0,13.0
2004-02-12,-28.0,-100.0,0.0,305.0,0.0
2004-02-13,-6.0,-72.0,0.0,305.0,0.0
2004-02-14,0.0,-78.0,0.0,305.0,0.0
2004-02-15,-6.0,-144.0,3.0,254.0,0.0
2004-02-16,-100.0,-189.0,0.0,254.0,0.0
2004-02-17,-67.0,-178.0,0.0,254.0,0.0
2004-02-18,-39.0,-100.0,0.0,254.0,0.0
2004-02-19,-11.0,-83.0,0.0,254.0,0.0
2004-02-20,28.0,-50.0,0.0,254.0,0.0
2004-02-21,50.0,-22.0,0.0,229.0,0.0
2004-02-22,28.0,-44.0,20.0,279.0,38.0
2004-02-23,11.0,-78.0,0.0,254.0,0.0
2004-02-24,33.0,-78.0,36.0,305.0,51.0
2004-02-25,-33.0,-100.0,46.0,356.0,51.0
2004-02-26,-17.0,-83.0,0.0,356.0,0.0
2004-02-27,6.0,-94.0,0.0,330.0,0.0
2004-02-28,22.0,-89.0,0.0,305.0,0.0
2004-02-29,83.0,-28.0,0.0,229.0,0.0
2004-03-01,100.0,11.0,0.0,203.0,0.0
2004-03-02,100.0,11.0,0.0,178.0,0.0
2004-03-03,122.0,11.0,0.0,127.0,0.0
2004-03-04,83.0,22.0,41.0,51.0,0.0
2004-03-05,72.0,28.0,8.0,25.0,0.0
2004-03-06,111.0,28.0,46.0,,0.0
2004-03-07,111.0,-6.0,18.0,,0.0
2004-03-08,61.0,-17.0,43.0,25.0,25.0
2004-03-09,17.0,-44.0,0.0,0.0,0.0
2004-03-10,17.0,-56.0,46.0,76.0,102.0
2004-03-11,28.0,-61.0,0.0,25.0,0.0
2004-03-12,72.0,-56.0,20.0,25.0,25.0
2004-03-13,0.0,-78.0,0.0,0.0,0.0
2004-03-14,0.0,-78.0,0.0,0.0,0.0
2004-03-15,28.0,-39.0,13.0,0.0,0.0
2004-03-16,78.0,-50.0,0.0,0.0,0.0
2004-03-17,-39.0,-61.0,160.0,203.0,203.0
2004-03-18,-22.0,-78.0,46.0,254.0,51.0
2004-03-19,-6.0,-56.0,41.0,305.0,76.0
2004-03-20,-6.0,-78.0,0.0,279.0,0.0
2004-03-21,50.0,-33.0,71.0,102.0,0.0
2004-03-22,50.0,-111.0,5.0,51.0,0.0
2004-03-23,-39.0,-111.0,0.0,51.0,0.0
2004-03-24,44.0,-72.0,0.0,51.0,0.0
2004-03-25,106.0,17.0,30.0,,0.0
2004-03-26,117.0,39.0,0.0,,0.0
2004-03-27,167.0,39.0,152.0,0.0,0.0
2004-03-28,161.0,17.0,0.0,0.0,0.0
2004-03-29,167.0,22.0,0.0,0.0,0.0
2004-03-30,139.0,-22.0,0.0,0.0,0.0
2004-03-31,78.0,-6.0,8.0,0.0,0.0
2004-04-01,83.0,39.0,20.0,0.0,0.0
2004-04-02,83.0,28.0,43.0,0.0,0.0
2004-04-03,56.0,11.0,10.0,0.0,0.0
2004-04-04,61.0,-6.0,30.0,0.0,0.0
2004-04-05,17.0,-89.0,13.0,25.0,25.0
2004-04-06,0.0,-83.0,0.0,0.0,0.0
2004-04-07,83.0,-50.0,0.0,0.0,0.0
2004-04-08,122.0,-6.0,0.0,0.0,0.0
2004-04-09,72.0,-11.0,3.0,0.0,0.0
2004-04-10,106.0,-17.0,0.0,0.0,0.0
2004-04-11,128.0,-6.0,0.0,0.0,0.0
2004-04-12,61.0,0.0,0.0,0.0,0.0
2004-04-13,100.0,17.0,163.0,0.0,0.0
2004-04-14,111.0,17.0,231.0,0.0,0.0
2004-04-15,39.0,0.0,3.0,0.0,0.0
2004-04-16,89.0,-17.0,0.0,0.0,0.0
2004-04-17,178.0,-11.0,0.0,0.0,0.0
2004-04-18,228.0,78.0,0.0,0.0,0.0
2004-04-19,256.0,111.0,0.0,0.0,0.0
2004-04-20,267.0,50.0,0.0,0.0,0.0
2004-04-21,139.0,50.0,8.0,0.0,0.0
2004-04-22,189.0,94.0,8.0,0.0,0.0
2004-04-23,211.0,67.0,140.0,0.0,0.0
2004-04-24,106.0,56.0,18.0,0.0,0.0
2004-04-25,144.0,22.0,0.0,0.0,0.0
2004-04-26,83.0,33.0,168.0,0.0,0.0
2004-04-27,100.0,44.0,10.0,0.0,0.0
2004-04-28,117.0,-28.0,36.0,0.0,0.0
2004-04-29,122.0,-17.0,0.0,0.0,0.0
2004-04-30,239.0,94.0,0.0,0.0,0.0
2004-05-01,233.0,122.0,0.0,0.0,0.0
2004-05-02,244.0,150.0,41.0,0.0,0.0
2004-05-03,206.0,39.0,277.0,0.0,0.0
2004-05-04,100.0,0.0,0.0,0.0,0.0
2004-05-05,128.0,17.0,0.0,0.0,0.0
2004-05-06,144.0,17.0,0.0,0.0,0.0
2004-05-07,189.0,56.0,117.0,0.0,0.0
2004-05-08,228.0,50.0,0.0,0.0,0.0
2004-05-09,161.0,56.0,160.0,0.0,0.0
2004-05-10,211.0,67.0,0.0,0.0,0.0
2004-05-11,256.0,139.0,38.0,0.0,0.0
2004-05-12,250.0,150.0,99.0,0.0,0.0
2004-05-13,272.0,167.0,64.0,0.0,0.0
2004-05-14,283.0,167.0,0.0,0.0,0.0
2004-05-15,244.0,161.0,53.0,0.0,0.0
2004-05-16,250.0,111.0,267.0,0.0,0.0
2004-05-17,194.0,83.0,0.0,0.0,0.0
2004-05-18,239.0,106.0,48.0,0.0,0.0
2004-05-19,233.0,128.0,43.0,0.0,0.0
2004-05-20,189.0,100.0,28.0,0.0,0.0
2004-05-21,183.0,122.0,43.0,0.0,0.0
2004-05-22,228.0,156.0,71.0,0.0,0.0
2004-05-23,250.0,156.0,15.0,0.0,0.0
2004-05-24,272.0,172.0,10.0,0.0,0.0
2004-05-25,256.0,111.0,8.0,0.0,0.0
2004-05-26,222.0,128.0,94.0,0.0,0.0
2004-05-27,228.0,111.0,99.0,0.0,0.0
2004-05-28,211.0,122.0,33.0,0.0,0.0
2004-05-29,211.0,39.0,0.0,0.0,0.0
2004-05-30,150.0,28.0,0.0,0.0,0.0
2004-05-31,206.0,44.0,0.0,0.0,0.0
2004-06-01,150.0,111.0,147.0,0.0,0.0
2004-06-02,206.0,100.0,122.0,0.0,0.0
2004-06-03,217.0,100.0,20.0,0.0,0.0
2004-06-04,217.0,61.0,0.0,0.0,0.0
2004-06-05,194.0,83.0,10.0,0.0,0.0
2004-06-06,111.0,83.0,135.0,0.0,0.0
2004-06-07,150.0,89.0,8.0,0.0,0.0
2004-06-08,239.0,133.0,0.0,0.0,0.0
2004-06-09,267.0,156.0,0.0,0.0,0.0
2004-06-10,294.0,178.0,0.0,0.0,0.0
2004-06-11,289.0,89.0,20.0,0.0,0.0
2004-06-12,172.0,61.0,0.0,0.0,0.0
2004-06-13,222.0,100.0,0.0,0.0,0.0
2004-06-14,172.0,133.0,23.0,0.0,0.0
2004-06-15,250.0,144.0,142.0,0.0,0.0
2004-06-16,267.0,156.0,114.0,0.0,0.0
2004-06-17,272.0,167.0,64.0,0.0,0.0
2004-06-18,256.0,183.0,51.0,0.0,0.0
2004-06-19,267.0,144.0,5.0,0.0,0.0
2004-06-20,211.0,61.0,0.0,0.0,0.0
2004-06-21,194.0,83.0,0.0,0.0,0.0
2004-06-22,217.0,106.0,0.0,0.0,0.0
2004-06-23,233.0,122.0,206.0,0.0,0.0
2004-06-24,239.0,133.0,0.0,0.0,0.0
2004-06-25,250.0,122.0,0.0,0.0,0.0
2004-06-26,189.0,117.0,89.0,0.0,0.0
2004-06-27,206.0,78.0,0.0,0.0,0.0
2004-06-28,211.0,100.0,0.0,0.0,0.0
2004-06-29,172.0,83.0,102.0,0.0,0.0
2004-06-30,211.0,100.0,0.0,0.0,0.0
2004-07-01,228.0,139.0,5.0,0.0,0.0
2004-07-02,250.0,144.0,0.0,0.0,0.0
2004-07-03,261.0,111.0,0.0,0.0,0.0
2004-07-04,267.0,144.0,0.0,0.0,0.0
2004-07-05,239.0,183.0,25.0,0.0,0.0
2004-07-06,272.0,133.0,13.0,0.0,0.0
2004-07-07,261.0,133.0,0.0,0.0,0.0
2004-07-08,261.0,172.0,325.0,0.0,0.0
2004-07-09,250.0,144.0,0.0,0.0,0.0
2004-07-10,206.0,111.0,0.0,0.0,0.0
2004-07-11,250.0,139.0,0.0,0.0,0.0
2004-07-12,261.0,172.0,0.0,0.0,0.0
2004-07-13,189.0,161.0,173.0,0.0,0.0
2004-07-14,239.0,161.0,13.0,0.0,0.0
2004-07-15,211.0,139.0,198.0,0.0,0.0
2004-07-16,217.0,133.0,23.0,0.0,0.0
2004-07-17,228.0,139.0,30.0,0.0,0.0
2004-07-18,222.0,156.0,0.0,0.0,0.0
2004-07-19,244.0,144.0,183.0,0.0,0.0
2004-07-20,233.0,144.0,18.0,0.0,0.0
2004-07-21,244.0,144.0,0.0,0.0,0.0
2004-07-22,267.0,167.0,81.0,0.0,0.0
2004-07-23,272.0,128.0,427.0,0.0,0.0
2004-07-24,272.0,128.0,122.0,0.0,0.0
2004-07-25,206.0,111.0,0.0,0.0,0.0
2004-07-26,228.0,122.0,0.0,0.0,0.0
2004-07-27,189.0,139.0,231.0,0.0,0.0
2004-07-28,189.0,150.0,544.0,0.0,0.0
2004-07-29,233.0,122.0,18.0,0.0,0.0
2004-07-30,250.0,144.0,0.0,0.0,0.0
2004-07-31,261.0,189.0,109.0,0.0,0.0
2004-08-01,261.0,183.0,538.0,0.0,0.0
2004-08-02,272.0,156.0,0.0,0.0,0.0
2004-08-03,278.0,156.0,0.0,0.0,0.0
2004-08-04,283.0,172.0,0.0,0.0,0.0
2004-08-05,244.0,139.0,216.0,0.0,0.0
2004-08-06,200.0,78.0,0.0,0.0,0.0
2004-08-07,167.0,89.0,5.0,0.0,0.0
2004-08-08,156.0,94.0,0.0,0.0,0.0
2004-08-09,222.0,117.0,36.0,0.0,0.0
2004-08-10,244.0,122.0,0.0,0.0,0.0
2004-08-11,250.0,161.0,318.0,0.0,0.0
2004-08-12,244.0,156.0,147.0,0.0,0.0
2004-08-13,217.0,150.0,404.0,0.0,0.0
2004-08-14,217.0,133.0,8.0,0.0,0.0
2004-08-15,200.0,133.0,0.0,0.0,0.0
2004-08-16,222.0,122.0,0.0,0.0,0.0
2004-08-17,222.0,117.0,0.0,0.0,0.0
2004-08-18,228.0,122.0,0.0,0.0,0.0
2004-08-19,233.0,156.0,0.0,0.0,0.0
2004-08-20,217.0,178.0,18.0,0.0,0.0
2004-08-21,256.0,178.0,114.0,0.0,0.0
2004-08-22,183.0,72.0,97.0,0.0,0.0
2004-08-23,206.0,106.0,0.0,0.0,0.0
2004-08-24,239.0,117.0,64.0,0.0,0.0
2004-08-25,233.0,161.0,0.0,0.0,0.0
2004-08-26,217.0,156.0,0.0,0.0,0.0
2004-08-27,233.0,156.0,0.0,0.0,0.0
2004-08-28,244.0,189.0,0.0,0.0,0.0
2004-08-29,272.0,189.0,20.0,0.0,0.0
2004-08-30,267.0,206.0,0.0,0.0,0.0
2004-08-31,261.0,161.0,356.0,0.0,0.0
2004-09-01,228.0,122.0,0.0,0.0,0.0
2004-09-02,233.0,111.0,0.0,0.0,0.0
2004-09-03,233.0,122.0,0.0,0.0,0.0
2004-09-04,228.0,144.0,0.0,0.0,0.0
2004-09-05,261.0,133.0,0.0,0.0,0.0
2004-09-06,200.0,111.0,5.0,0.0,0.0
2004-09-07,217.0,111.0,0.0,0.0,0.0
2004-09-08,239.0,161.0,5.0,0.0,0.0
2004-09-09,211.0,172.0,384.0,0.0,0.0
2004-09-10,222.0,133.0,91.0,0.0,0.0
2004-09-11,222.0,106.0,0.0,0.0,0.0
2004-09-12,222.0,106.0,0.0,0.0,0.0
2004-09-13,222.0,122.0,0.0,0.0,0.0
2004-09-14,244.0,122.0,0.0,0.0,0.0
2004-09-15,200.0,122.0,0.0,0.0,0.0
2004-09-16,200.0,122.0,0.0,0.0,0.0
2004-09-17,206.0,156.0,28.0,0.0,0.0
2004-09-18,183.0,100.0,1331.0,0.0,0.0
2004-09-19,183.0,33.0,20.0,0.0,0.0
2004-09-20,144.0,39.0,0.0,0.0,0.0
2004-09-21,194.0,39.0,0.0,0.0,0.0
2004-09-22,228.0,106.0,0.0,0.0,0.0
2004-09-23,244.0,111.0,0.0,0.0,0.0
2004-09-24,244.0,122.0,0.0,0.0,0.0
2004-09-25,244.0,144.0,0.0,0.0,0.0
2004-09-26,217.0,106.0,0.0,0.0,0.0
2004-09-27,183.0,78.0,0.0,0.0,0.0
2004-09-28,211.0,44.0,475.0,0.0,0.0
2004-09-29,172.0,128.0,231.0,0.0,0.0
2004-09-30,183.0,100.0,66.0,0.0,0.0
2004-10-01,172.0,22.0,10.0,0.0,0.0
2004-10-02,194.0,61.0,0.0,0.0,0.0
2004-10-03,172.0,33.0,13.0,0.0,0.0
2004-10-04,167.0,28.0,0.0,0.0,0.0
2004-10-05,178.0,11.0,0.0,0.0,0.0
2004-10-06,106.0,11.0,0.0,0.0,0.0
2004-10-07,139.0,17.0,0.0,0.0,0.0
2004-10-08,211.0,72.0,0.0,0.0,0.0
2004-10-09,211.0,117.0,0.0,0.0,0.0
2004-10-10,178.0,56.0,0.0,0.0,0.0
2004-10-11,94.0,44.0,3.0,0.0,0.0
2004-10-12,83.0,39.0,0.0,0.0,0.0
2004-10-13,133.0,28.0,0.0,0.0,0.0
2004-10-14,172.0,33.0,69.0,0.0,0.0
2004-10-15,100.0,61.0,74.0,0.0,0.0
2004-10-16,122.0,50.0,157.0,0.0,0.0
2004-10-17,89.0,11.0,46.0,0.0,0.0
2004-10-18,72.0,17.0,0.0,0.0,0.0
2004-10-19,111.0,39.0,218.0,0.0,0.0
2004-10-20,67.0,50.0,71.0,0.0,0.0
2004-10-21,83.0,56.0,13.0,0.0,0.0
2004-10-22,72.0,44.0,36.0,0.0,0.0
2004-10-23,94.0,0.0,5.0,0.0,0.0
2004-10-24,111.0,0.0,0.0,0.0,0.0
2004-10-25,61.0,22.0,10.0,0.0,0.0
2004-10-26,111.0,50.0,8.0,0.0,0.0
2004-10-27,100.0,56.0,0.0,0.0,0.0
2004-10-28,117.0,22.0,0.0,0.0,0.0
2004-10-29,133.0,28.0,0.0,0.0,0.0
2004-10-30,111.0,67.0,53.0,0.0,0.0
2004-10-31,156.0,94.0,10.0,0.0,0.0
2004-11-01,161.0,61.0,0.0,0.0,0.0
2004-11-02,106.0,50.0,0.0,0.0,0.0
2004-11-03,150.0,22.0,71.0,0.0,0.0
2004-11-04,72.0,-22.0,0.0,0.0,0.0
2004-11-05,56.0,11.0,84.0,0.0,0.0
2004-11-06,67.0,-11.0,0.0,0.0,0.0
2004-11-07,117.0,11.0,0.0,0.0,0.0
2004-11-08,156.0,-6.0,0.0,0.0,0.0
2004-11-09,39.0,-56.0,3.0,0.0,3.0
2004-11-10,-11.0,-72.0,0.0,0.0,0.0
2004-11-11,50.0,-39.0,0.0,0.0,0.0
2004-11-12,111.0,-17.0,56.0,0.0,3.0
2004-11-13,-6.0,-56.0,43.0,25.0,25.0
2004-11-14,-6.0,-67.0,0.0,0.0,0.0
2004-11-15,44.0,-50.0,0.0,0.0,0.0
2004-11-16,111.0,-6.0,0.0,0.0,0.0
2004-11-17,117.0,0.0,0.0,0.0,0.0
2004-11-18,89.0,33.0,8.0,0.0,0.0
2004-11-19,83.0,67.0,0.0,0.0,0.0
2004-11-20,100.0,56.0,5.0,0.0,0.0
2004-11-21,78.0,56.0,13.0,0.0,0.0
2004-11-22,128.0,22.0,0.0,0.0,0.0
2004-11-23,61.0,-17.0,0.0,0.0,0.0
2004-11-24,89.0,-6.0,10.0,0.0,0.0
2004-11-25,144.0,72.0,376.0,0.0,0.0
2004-11-26,100.0,-50.0,71.0,0.0,0.0
2004-11-27,17.0,-44.0,0.0,0.0,0.0
2004-11-28,94.0,17.0,411.0,0.0,0.0
2004-11-29,94.0,-22.0,13.0,0.0,0.0
2004-11-30,22.0,-17.0,0.0,0.0,0.0
2004-12-01,67.0,0.0,351.0,0.0,0.0
2004-12-02,61.0,-11.0,127.0,0.0,0.0
2004-12-03,17.0,-33.0,3.0,0.0,3.0
2004-12-04,28.0,-78.0,0.0,0.0,0.0
2004-12-05,33.0,-72.0,0.0,0.0,0.0
2004-12-06,72.0,-39.0,0.0,0.0,0.0
2004-12-07,33.0,-17.0,33.0,0.0,25.0
2004-12-08,83.0,28.0,97.0,0.0,0.0
2004-12-09,83.0,-11.0,0.0,0.0,0.0
2004-12-10,44.0,-6.0,137.0,0.0,0.0
2004-12-11,50.0,28.0,284.0,0.0,0.0
2004-12-12,44.0,-17.0,10.0,0.0,3.0
2004-12-13,11.0,-22.0,20.0,25.0,25.0
2004-12-14,0.0,-67.0,13.0,25.0,3.0
2004-12-15,-61.0,-111.0,3.0,0.0,3.0
2004-12-16,-28.0,-100.0,0.0,0.0,0.0
2004-12-17,0.0,-94.0,0.0,0.0,0.0
2004-12-18,0.0,-94.0,0.0,0.0,0.0
2004-12-19,0.0,-61.0,3.0,0.0,3.0
2004-12-20,6.0,-228.0,20.0,25.0,51.0
2004-12-21,-111.0,-228.0,0.0,25.0,0.0
2004-12-22,22.0,-117.0,0.0,25.0,0.0
2004-12-23,89.0,-94.0,10.0,0.0,0.0
2004-12-24,111.0,-83.0,465.0,0.0,0.0
2004-12-25,-56.0,-139.0,0.0,0.0,0.0
2004-12-26,-78.0,-133.0,0.0,0.0,0.0
2004-12-27,-44.0,-128.0,3.0,0.0,0.0
2004-12-28,-94.0,-150.0,0.0,0.0,0.0
2004-12-29,-6.0,-133.0,3.0,0.0,0.0
2004-12-30,11.0,-17.0,0.0,0.0,0.0
2004-12-31,28.0,0.0,0.0,0.0,0.0
2005-01-01,78.0,22.0,3.0,0.0,0.0
2005-01-02,78.0,-33.0,0.0,0.0,0.0
2005-01-03,28.0,-17.0,30.0,0.0,0.0
2005-01-04,72.0,17.0,236.0,0.0,0.0
2005-01-05,33.0,-22.0,30.0,25.0,25.0
2005-01-06,-6.0,-56.0,254.0,152.0,152.0
2005-01-07,6.0,-50.0,91.0,102.0,0.0
2005-01-08,-11.0,-50.0,25.0,102.0,0.0
2005-01-09,0.0,-50.0,102.0,102.0,0.0
2005-01-10,-11.0,-50.0,0.0,102.0,0.0
2005-01-11,6.0,-39.0,3.0,76.0,0.0
2005-01-12,6.0,-39.0,137.0,152.0,102.0
2005-01-13,67.0,6.0,28.0,76.0,0.0
2005-01-14,144.0,-11.0,363.0,76.0,76.0
2005-01-15,-11.0,-117.0,0.0,76.0,0.0
2005-01-16,-56.0,-117.0,0.0,51.0,0.0
2005-01-17,-56.0,-111.0,28.0,102.0,51.0
2005-01-18,-94.0,-189.0,5.0,76.0,0.0
2005-01-19,-139.0,-200.0,3.0,76.0,0.0
2005-01-20,-78.0,-144.0,36.0,178.0,102.0
2005-01-21,-78.0,-200.0,0.0,152.0,0.0
2005-01-22,-144.0,-222.0,0.0,127.0,0.0
2005-01-23,-83.0,-172.0,122.0,279.0,203.0
2005-01-24,-144.0,-211.0,15.0,254.0,25.0
2005-01-25,-72.0,-183.0,53.0,305.0,102.0
2005-01-26,-33.0,-72.0,94.0,381.0,76.0
2005-01-27,-28.0,-189.0,3.0,356.0,0.0
2005-01-28,-133.0,-194.0,0.0,330.0,0.0
2005-01-29,-67.0,-183.0,0.0,305.0,0.0
2005-01-30,-33.0,-111.0,0.0,254.0,0.0
2005-01-31,-17.0,-117.0,0.0,203.0,0.0
2005-02-01,6.0,-117.0,0.0,203.0,0.0
2005-02-02,22.0,-100.0,0.0,178.0,0.0
2005-02-03,33.0,-94.0,0.0,178.0,0.0
2005-02-04,17.0,-50.0,0.0,178.0,0.0
2005-02-05,28.0,-50.0,0.0,152.0,0.0
2005-02-06,61.0,-44.0,0.0,152.0,0.0
2005-02-07,94.0,-17.0,0.0,127.0,0.0
2005-02-08,78.0,0.0,0.0,102.0,0.0
2005-02-09,56.0,6.0,10.0,76.0,0.0
2005-02-10,44.0,-33.0,114.0,25.0,0.0
2005-02-11,-22.0,-89.0,0.0,25.0,0.0
2005-02-12,0.0,-89.0,3.0,25.0,0.0
2005-02-13,-6.0,-83.0,5.0,25.0,0.0
2005-02-14,-6.0,-83.0,0.0,25.0,0.0
2005-02-15,50.0,-33.0,198.0,25.0,25.0
2005-02-16,67.0,17.0,0.0,25.0,0.0
2005-02-17,67.0,-78.0,84.0,25.0,0.0
2005-02-18,-17.0,-111.0,20.0,51.0,51.0
2005-02-19,-72.0,-167.0,0.0,25.0,0.0
2005-02-20,-50.0,-167.0,3.0,25.0,0.0
2005-02-21,-17.0,-89.0,140.0,152.0,152.0
2005-02-22,-6.0,-44.0,5.0,102.0,0.0
2005-02-23,0.0,-72.0,33.0,127.0,51.0
2005-02-24,-22.0,-106.0,0.0,127.0,0.0
2005-02-25,-56.0,-111.0,56.0,203.0,76.0
2005-02-26,-28.0,-100.0,10.0,203.0,25.0
2005-02-27,0.0,-150.0,3.0,203.0,0.0
2005-02-28,-11.0,-139.0,0.0,178.0,0.0
2005-03-01,-28.0,-67.0,160.0,356.0,178.0
2005-03-02,-22.0,-78.0,51.0,457.0,102.0
2005-03-03,-39.0,-122.0,38.0,483.0,51.0
2005-03-04,-39.0,-133.0,0.0,432.0,0.0
2005-03-05,-28.0,-133.0,0.0,381.0,0.0
2005-03-06,6.0,-117.0,0.0,330.0,0.0
2005-03-07,33.0,-72.0,0.0,279.0,0.0
2005-03-08,100.0,-78.0,76.0,203.0,25.0
2005-03-09,-72.0,-150.0,20.0,203.0,76.0
2005-03-10,-67.0,-139.0,0.0,152.0,0.0
2005-03-11,-44.0,-128.0,23.0,203.0,51.0
2005-03-12,-11.0,-111.0,36.0,254.0,76.0
2005-03-13,0.0,-94.0,8.0,229.0,0.0
2005-03-14,17.0,-117.0,0.0,178.0,0.0
2005-03-15,-22.0,-106.0,0.0,152.0,0.0
2005-03-16,17.0,-89.0,0.0,127.0,0.0
2005-03-17,17.0,-72.0,0.0,76.0,0.0
2005-03-18,44.0,-50.0,3.0,76.0,0.0
2005-03-19,39.0,-50.0,0.0,76.0,0.0
2005-03-20,78.0,-33.0,3.0,76.0,0.0
2005-03-21,28.0,-6.0,48.0,76.0,25.0
2005-03-22,28.0,-56.0,3.0,76.0,0.0
2005-03-23,78.0,-39.0,0.0,51.0,0.0
2005-03-24,11.0,-39.0,300.0,279.0,279.0
2005-03-25,17.0,-39.0,5.0,178.0,0.0
2005-03-26,33.0,-50.0,0.0,127.0,0.0
2005-03-27,44.0,-33.0,3.0,76.0,0.0
2005-03-28,39.0,6.0,178.0,51.0,0.0
2005-03-29,44.0,6.0,386.0,25.0,0.0
2005-03-30,39.0,0.0,10.0,0.0,0.0
2005-03-31,139.0,17.0,0.0,0.0,0.0
2005-04-01,94.0,44.0,3.0,0.0,0.0
2005-04-02,150.0,50.0,61.0,0.0,0.0
2005-04-03,106.0,-6.0,620.0,0.0,0.0
2005-04-04,6.0,-6.0,66.0,25.0,76.0
2005-04-05,100.0,6.0,0.0,0.0,0.0
2005-04-06,156.0,17.0,0.0,0.0,0.0
2005-04-07,233.0,89.0,0.0,0.0,0.0
2005-04-08,217.0,22.0,10.0,0.0,0.0
2005-04-09,133.0,11.0,0.0,0.0,0.0
2005-04-10,161.0,17.0,0.0,0.0,0.0
2005-04-11,183.0,28.0,0.0,0.0,0.0
2005-04-12,122.0,-28.0,0.0,0.0,0.0
2005-04-13,106.0,-22.0,0.0,0.0,0.0
2005-04-14,117.0,-11.0,0.0,0.0,0.0
2005-04-15,144.0,0.0,0.0,0.0,0.0
2005-04-16,133.0,0.0,0.0,0.0,0.0
2005-04-17,178.0,28.0,0.0,0.0,0.0
2005-04-18,211.0,61.0,0.0,0.0,0.0
2005-04-19,200.0,67.0,0.0,0.0,0.0
2005-04-20,256.0,78.0,0.0,0.0,0.0
2005-04-21,244.0,17.0,5.0,0.0,0.0
2005-04-22,117.0,-11.0,0.0,0.0,0.0
2005-04-23,117.0,22.0,168.0,0.0,0.0
2005-04-24,139.0,-6.0,262.0,0.0,0.0
2005-04-25,28.0,-17.0,33.0,0.0,0.0
2005-04-26,72.0,-17.0,10.0,0.0,0.0
2005-04-27,183.0,72.0,15.0,0.0,0.0
2005-04-28,161.0,39.0,0.0,0.0,0.0
2005-04-29,111.0,0.0,5.0,0.0,0.0
2005-04-30,117.0,22.0,13.0,0.0,0.0
2005-05-01,111.0,39.0,33.0,0.0,0.0
2005-05-02,122.0,28.0,0.0,0.0,0.0
2005-05-03,72.0,-11.0,18.0,0.0,0.0
2005-05-04,78.0,-17.0,8.0,0.0,0.0
2005-05-05,89.0,0.0,3.0,0.0,0.0
2005-05-06,144.0,11.0,0.0,0.0,0.0
2005-05-07,139.0,22.0,0.0,0.0,0.0
2005-05-08,167.0,50.0,0.0,0.0,0.0
2005-05-09,161.0,78.0,0.0,0.0,0.0
2005-05-10,228.0,100.0,0.0,0.0,0.0
2005-05-11,233.0,111.0,0.0,0.0,0.0
2005-05-12,278.0,56.0,8.0,0.0,0.0
2005-05-13,122.0,-11.0,0.0,0.0,0.0
2005-05-14,161.0,22.0,0.0,0.0,0.0
2005-05-15,233.0,89.0,165.0,0.0,0.0
2005-05-16,194.0,44.0,0.0,0.0,0.0
2005-05-17,128.0,22.0,0.0,0.0,0.0
2005-05-18,139.0,39.0,0.0,0.0,0.0
2005-05-19,161.0,33.0,0.0,0.0,0.0
2005-05-20,183.0,83.0,5.0,0.0,0.0
2005-05-21,156.0,61.0,10.0,0.0,0.0
2005-05-22,183.0,67.0,18.0,0.0,0.0
2005-05-23,106.0,39.0,0.0,0.0,0.0
2005-05-24,139.0,50.0,15.0,0.0,0.0
2005-05-25,111.0,61.0,33.0,0.0,0.0
2005-05-26,117.0,61.0,10.0,0.0,0.0
2005-05-27,206.0,78.0,0.0,0.0,0.0
2005-05-28,228.0,78.0,107.0,0.0,0.0
2005-05-29,183.0,61.0,28.0,0.0,0.0
2005-05-30,172.0,67.0,18.0,0.0,0.0
2005-05-31,167.0,72.0,15.0,0.0,0.0
2005-06-01,206.0,106.0,0.0,0.0,0.0
2005-06-02,228.0,111.0,0.0,0.0,0.0
2005-06-03,228.0,122.0,0.0,0.0,0.0
2005-06-04,150.0,128.0,119.0,0.0,0.0
2005-06-05,194.0,122.0,3.0,0.0,0.0
2005-06-06,267.0,161.0,0.0,0.0,0.0
2005-06-07,267.0,150.0,104.0,0.0,0.0
2005-06-08,278.0,156.0,3.0,0.0,0.0
2005-06-09,289.0,189.0,0.0,0.0,0.0
2005-06-10,278.0,206.0,0.0,0.0,0.0
2005-06-11,256.0,189.0,513.0,0.0,0.0
2005-06-12,272.0,211.0,0.0,0.0,0.0
2005-06-13,267.0,183.0,0.0,0.0,0.0
2005-06-14,283.0,194.0,0.0,0.0,0.0
2005-06-15,294.0,194.0,0.0,0.0,0.0
2005-06-16,228.0,156.0,41.0,0.0,0.0
2005-06-17,206.0,89.0,122.0,0.0,0.0
2005-06-18,178.0,106.0,10.0,0.0,0.0
2005-06-19,167.0,106.0,3.0,0.0,0.0
2005-06-20,183.0,100.0,0.0,0.0,0.0
2005-06-21,217.0,117.0,0.0,0.0,0.0
2005-06-22,239.0,150.0,0.0,0.0,0.0
2005-06-23,228.0,72.0,20.0,0.0,0.0
2005-06-24,228.0,117.0,0.0,0.0,0.0
2005-06-25,267.0,172.0,0.0,0.0,0.0
2005-06-26,289.0,172.0,0.0,0.0,0.0
2005-06-27,300.0,194.0,3.0,0.0,0.0
2005-06-28,306.0,183.0,0.0,0.0,0.0
2005-06-29,300.0,183.0,53.0,0.0,0.0
2005-06-30,278.0,167.0,69.0,0.0,0.0
2005-07-01,272.0,172.0,0.0,0.0,0.0
2005-07-02,256.0,139.0,33.0,0.0,0.0
2005-07-03,211.0,100.0,0.0,0.0,0.0
2005-07-04,233.0,133.0,0.0,0.0,0.0
2005-07-05,272.0,172.0,0.0,0.0,0.0
2005-07-06,250.0,172.0,178.0,0.0,0.0
2005-07-07,233.0,161.0,0.0,0.0,0.0
2005-07-08,239.0,161.0,384.0,0.0,0.0
2005-07-09,183.0,128.0,13.0,0.0,0.0
2005-07-10,233.0,139.0,18.0,0.0,0.0
2005-07-11,278.0,144.0,0.0,0.0,0.0
2005-07-12,289.0,189.0,0.0,0.0,0.0
2005-07-13,300.0,194.0,8.0,0.0,0.0
2005-07-14,306.0,194.0,0.0,0.0,0.0
2005-07-15,261.0,194.0,0.0,0.0,0.0
2005-07-16,261.0,194.0,13.0,0.0,0.0
2005-07-17,256.0,206.0,61.0,0.0,0.0
2005-07-18,261.0,211.0,51.0,0.0,0.0
2005-07-19,267.0,211.0,0.0,0.0,0.0
2005-07-20,283.0,161.0,56.0,0.0,0.0
2005-07-21,278.0,150.0,0.0,0.0,0.0
2005-07-22,267.0,172.0,0.0,0.0,0.0
2005-07-23,278.0,172.0,0.0,0.0,0.0
2005-07-24,244.0,133.0,0.0,0.0,0.0
2005-07-25,244.0,178.0,25.0,0.0,0.0
2005-07-26,306.0,172.0,8.0,0.0,0.0
2005-07-27,294.0,189.0,165.0,0.0,0.0
2005-07-28,283.0,128.0,3.0,0.0,0.0
2005-07-29,239.0,139.0,0.0,0.0,0.0
2005-07-30,256.0,128.0,0.0,0.0,0.0
2005-07-31,267.0,156.0,0.0,0.0,0.0
2005-08-01,261.0,172.0,3.0,0.0,0.0
2005-08-02,283.0,178.0,0.0,0.0,0.0
2005-08-03,300.0,178.0,0.0,0.0,0.0
2005-08-04,306.0,178.0,18.0,0.0,0.0
2005-08-05,306.0,206.0,0.0,0.0,0.0
2005-08-06,267.0,133.0,89.0,0.0,0.0
2005-08-07,267.0,144.0,0.0,0.0,0.0
2005-08-08,267.0,172.0,0.0,0.0,0.0
2005-08-09,239.0,183.0,122.0,0.0,0.0
2005-08-10,256.0,178.0,0.0,0.0,0.0
2005-08-11,283.0,183.0,0.0,0.0,0.0
2005-08-12,289.0,178.0,0.0,0.0,0.0
2005-08-13,300.0,189.0,107.0,0.0,0.0
2005-08-14,317.0,189.0,127.0,0.0,0.0
2005-08-15,300.0,161.0,10.0,0.0,0.0
2005-08-16,250.0,161.0,0.0,0.0,0.0
2005-08-17,217.0,139.0,13.0,0.0,0.0
2005-08-18,256.0,122.0,0.0,0.0,0.0
2005-08-19,256.0,128.0,3.0,0.0,0.0
2005-08-20,189.0,167.0,33.0,0.0,0.0
2005-08-21,261.0,178.0,5.0,0.0,0.0
2005-08-22,283.0,144.0,0.0,0.0,0.0
2005-08-23,222.0,106.0,0.0,0.0,0.0
2005-08-24,206.0,100.0,0.0,0.0,0.0
2005-08-25,228.0,94.0,0.0,0.0,0.0
2005-08-26,239.0,111.0,0.0,0.0,0.0
2005-08-27,222.0,133.0,0.0,0.0,0.0
2005-08-28,228.0,156.0,109.0,0.0,0.0
2005-08-29,217.0,167.0,3.0,0.0,0.0
2005-08-30,233.0,183.0,61.0,0.0,0.0
2005-08-31,222.0,200.0,805.0,0.0,0.0
2005-09-01,222.0,139.0,236.0,0.0,0.0
2005-09-02,239.0,139.0,0.0,0.0,0.0
2005-09-03,261.0,122.0,0.0,0.0,0.0
2005-09-04,222.0,122.0,0.0,0.0,0.0
2005-09-05,211.0,89.0,0.0,0.0,0.0
2005-09-06,228.0,89.0,0.0,0.0,0.0
2005-09-07,250.0,117.0,0.0,0.0,0.0
2005-09-08,244.0,122.0,0.0,0.0,0.0
2005-09-09,228.0,139.0,0.0,0.0,0.0
2005-09-10,228.0,111.0,0.0,0.0,0.0
2005-09-11,217.0,61.0,0.0,0.0,0.0
2005-09-12,228.0,61.0,0.0,0.0,0.0
2005-09-13,267.0,139.0,0.0,0.0,0.0
2005-09-14,272.0,156.0,0.0,0.0,0.0
2005-09-15,261.0,161.0,0.0,0.0,0.0
2005-09-16,261.0,178.0,0.0,0.0,0.0
2005-09-17,261.0,167.0,30.0,0.0,0.0
2005-09-18,211.0,128.0,13.0,0.0,0.0
2005-09-19,228.0,133.0,0.0,0.0,0.0
2005-09-20,228.0,128.0,3.0,0.0,0.0
2005-09-21,217.0,106.0,0.0,0.0,0.0
2005-09-22,239.0,106.0,0.0,0.0,0.0
2005-09-23,250.0,128.0,0.0,0.0,0.0
2005-09-24,217.0,67.0,3.0,0.0,0.0
2005-09-25,200.0,67.0,0.0,0.0,0.0
2005-09-26,178.0,133.0,5.0,0.0,0.0
2005-09-27,189.0,106.0,424.0,0.0,0.0
2005-09-28,167.0,67.0,0.0,0.0,0.0
2005-09-29,189.0,78.0,0.0,0.0,0.0
2005-09-30,161.0,28.0,130.0,0.0,0.0
2005-10-01,150.0,28.0,0.0,0.0,0.0
2005-10-02,194.0,78.0,0.0,0.0,0.0
2005-10-03,222.0,106.0,0.0,0.0,0.0
2005-10-04,222.0,106.0,0.0,0.0,0.0
2005-10-05,200.0,122.0,0.0,0.0,0.0
2005-10-06,217.0,144.0,0.0,0.0,0.0
2005-10-07,211.0,144.0,0.0,0.0,0.0
2005-10-08,183.0,83.0,665.0,0.0,0.0
2005-10-09,83.0,56.0,112.0,0.0,0.0
2005-10-10,89.0,61.0,8.0,0.0,0.0
2005-10-11,128.0,78.0,5.0,0.0,0.0
2005-10-12,128.0,111.0,10.0,0.0,0.0
2005-10-13,122.0,83.0,53.0,0.0,0.0
2005-10-14,122.0,89.0,185.0,0.0,0.0
2005-10-15,144.0,78.0,13.0,0.0,0.0
2005-10-16,167.0,67.0,0.0,0.0,0.0
2005-10-17,117.0,67.0,0.0,0.0,0.0
2005-10-18,128.0,67.0,38.0,0.0,0.0
2005-10-19,167.0,56.0,0.0,0.0,0.0
2005-10-20,189.0,22.0,0.0,0.0,0.0
2005-10-21,100.0,17.0,0.0,0.0,0.0
2005-10-22,106.0,33.0,64.0,0.0,0.0
2005-10-23,67.0,33.0,229.0,0.0,0.0
2005-10-24,78.0,-6.0,0.0,0.0,0.0
2005-10-25,39.0,6.0,84.0,0.0,0.0
2005-10-26,11.0,-6.0,333.0,127.0,152.0
2005-10-27,44.0,0.0,0.0,51.0,0.0
2005-10-28,33.0,-33.0,0.0,25.0,0.0
2005-10-29,50.0,-28.0,0.0,25.0,0.0
2005-10-30,67.0,0.0,0.0,0.0,0.0
2005-10-31,144.0,28.0,0.0,0.0,0.0
2005-11-01,150.0,56.0,0.0,0.0,0.0
2005-11-02,150.0,28.0,91.0,0.0,0.0
2005-11-03,94.0,28.0,0.0,0.0,0.0
2005-11-04,161.0,39.0,0.0,0.0,0.0
2005-11-05,172.0,100.0,0.0,0.0,0.0
2005-11-06,178.0,117.0,0.0,0.0,0.0
2005-11-07,178.0,67.0,48.0,0.0,0.0
2005-11-08,122.0,67.0,0.0,0.0,0.0
2005-11-09,133.0,33.0,0.0,0.0,0.0
2005-11-10,117.0,44.0,69.0,0.0,0.0
2005-11-11,50.0,6.0,3.0,0.0,0.0
2005-11-12,39.0,-11.0,0.0,0.0,0.0
2005-11-13,100.0,0.0,0.0,0.0,0.0
2005-11-14,128.0,56.0,0.0,0.0,0.0
2005-11-15,106.0,33.0,122.0,0.0,0.0
2005-11-16,161.0,44.0,33.0,0.0,0.0
2005-11-17,161.0,-28.0,272.0,0.0,0.0
2005-11-18,0.0,-56.0,5.0,0.0,0.0
2005-11-19,-22.0,-56.0,3.0,0.0,0.0
2005-11-20,33.0,-28.0,0.0,0.0,0.0
2005-11-21,83.0,17.0,0.0,0.0,0.0
2005-11-22,72.0,6.0,20.0,0.0,0.0
2005-11-23,22.0,-94.0,5.0,0.0,0.0
2005-11-24,-28.0,-94.0,38.0,51.0,64.0
2005-11-25,0.0,-133.0,8.0,51.0,0.0
2005-11-26,-50.0,-133.0,3.0,51.0,0.0
2005-11-27,6.0,-78.0,0.0,25.0,0.0
2005-11-28,72.0,-6.0,30.0,0.0,0.0
2005-11-29,139.0,72.0,61.0,0.0,0.0
2005-11-30,156.0,22.0,732.0,0.0,0.0
2005-12-01,44.0,-33.0,0.0,0.0,0.0
2005-12-02,-6.0,-33.0,10.0,0.0,0.0
2005-12-03,-22.0,-83.0,56.0,102.0,102.0
2005-12-04,-39.0,-78.0,43.0,102.0,51.0
2005-12-05,-28.0,-61.0,5.0,76.0,0.0
2005-12-06,-33.0,-78.0,0.0,51.0,0.0
2005-12-07,-39.0,-117.0,0.0,51.0,0.0
2005-12-08,-61.0,-139.0,3.0,51.0,0.0
2005-12-09,-44.0,-139.0,163.0,229.0,203.0
2005-12-10,-33.0,-83.0,0.0,203.0,0.0
2005-12-11,-39.0,-83.0,0.0,178.0,0.0
2005-12-12,-28.0,-50.0,15.0,152.0,25.0
2005-12-13,-39.0,-161.0,0.0,152.0,0.0
2005-12-14,-94.0,-178.0,0.0,127.0,0.0
2005-12-15,-78.0,-178.0,0.0,127.0,0.0
2005-12-16,33.0,-111.0,373.0,229.0,178.0
2005-12-17,-6.0,-67.0,5.0,178.0,25.0
2005-12-18,-33.0,-72.0,0.0,152.0,0.0
2005-12-19,-28.0,-78.0,0.0,152.0,0.0
2005-12-20,-61.0,-144.0,3.0,152.0,0.0
2005-12-21,-83.0,-144.0,3.0,152.0,0.0
2005-12-22,-67.0,-106.0,8.0,178.0,25.0
2005-12-23,-17.0,-78.0,8.0,178.0,0.0
2005-12-24,44.0,-22.0,3.0,152.0,0.0
2005-12-25,67.0,6.0,0.0,76.0,0.0
2005-12-26,56.0,6.0,104.0,51.0,0.0
2005-12-27,11.0,-22.0,10.0,51.0,0.0
2005-12-28,11.0,-33.0,0.0,51.0,0.0
2005-12-29,61.0,-11.0,38.0,51.0,0.0
2005-12-30,50.0,-17.0,30.0,25.0,0.0
2005-12-31,-11.0,-50.0,0.0,25.0,0.0
2006-01-01,-11.0,-39.0,89.0,51.0,51.0
2006-01-02,6.0,-17.0,0.0,51.0,0.0
2006-01-03,17.0,0.0,239.0,51.0,51.0
2006-01-04,11.0,-11.0,5.0,25.0,0.0
2006-01-05,11.0,-11.0,20.0,25.0,0.0
2006-01-06,22.0,-28.0,5.0,25.0,0.0
2006-01-07,-28.0,-100.0,13.0,25.0,25.0
2006-01-08,-39.0,-89.0,20.0,51.0,25.0
2006-01-09,22.0,-44.0,0.0,25.0,0.0
2006-01-10,78.0,-11.0,0.0,25.0,0.0
2006-01-11,44.0,-6.0,0.0,0.0,0.0
2006-01-12,67.0,11.0,94.0,0.0,0.0
2006-01-13,78.0,6.0,0.0,0.0,0.0
2006-01-14,128.0,33.0,64.0,0.0,0.0
2006-01-15,94.0,-111.0,64.0,0.0,0.0
2006-01-16,-83.0,-144.0,0.0,0.0,0.0
2006-01-17,-44.0,-144.0,0.0,0.0,0.0
2006-01-18,128.0,-44.0,533.0,0.0,0.0
2006-01-19,89.0,-56.0,142.0,0.0,0.0
2006-01-20,44.0,-56.0,0.0,0.0,0.0
2006-01-21,89.0,11.0,0.0,0.0,0.0
2006-01-22,106.0,-67.0,5.0,0.0,0.0
2006-01-23,6.0,-61.0,102.0,76.0,76.0
2006-01-24,11.0,-67.0,30.0,76.0,25.0
2006-01-25,17.0,-78.0,33.0,102.0,51.0
2006-01-26,-11.0,-100.0,20.0,102.0,25.0
2006-01-27,-44.0,-128.0,0.0,102.0,0.0
2006-01-28,17.0,-122.0,0.0,76.0,0.0
2006-01-29,83.0,-6.0,0.0,51.0,0.0
2006-01-30,61.0,22.0,56.0,25.0,0.0
2006-01-31,89.0,28.0,107.0,0.0,0.0
2006-02-01,33.0,-28.0,41.0,0.0,25.0
2006-02-02,-6.0,-28.0,0.0,0.0,0.0
2006-02-03,56.0,-22.0,173.0,0.0,0.0
2006-02-04,67.0,-6.0,15.0,0.0,0.0
2006-02-05,78.0,0.0,183.0,0.0,0.0
2006-02-06,0.0,-67.0,20.0,25.0,38.0
2006-02-07,-17.0,-61.0,3.0,25.0,0.0
2006-02-08,-17.0,-83.0,5.0,0.0,0.0
2006-02-09,-50.0,-122.0,5.0,0.0,0.0
2006-02-10,-44.0,-122.0,8.0,25.0,25.0
2006-02-11,-33.0,-78.0,3.0,0.0,0.0
2006-02-12,-17.0,-78.0,25.0,25.0,25.0
2006-02-13,-50.0,-117.0,10.0,51.0,25.0
2006-02-14,-39.0,-117.0,3.0,51.0,0.0
2006-02-15,28.0,-61.0,0.0,51.0,0.0
2006-02-16,89.0,22.0,0.0,0.0,0.0
2006-02-17,128.0,44.0,43.0,0.0,0.0
2006-02-18,83.0,-78.0,5.0,0.0,0.0
2006-02-19,-56.0,-161.0,3.0,0.0,0.0
2006-02-20,-67.0,-161.0,0.0,0.0,0.0
2006-02-21,-28.0,-117.0,0.0,0.0,0.0
2006-02-22,0.0,-78.0,0.0,0.0,0.0
2006-02-23,39.0,-44.0,0.0,0.0,0.0
2006-02-24,39.0,-72.0,13.0,0.0,0.0
2006-02-25,-39.0,-83.0,0.0,0.0,0.0
2006-02-26,56.0,-117.0,3.0,0.0,0.0
2006-02-27,-89.0,-139.0,3.0,0.0,25.0
2006-02-28,-67.0,-139.0,8.0,25.0,25.0
2006-03-01,-39.0,-122.0,0.0,0.0,0.0
2006-03-02,11.0,-72.0,5.0,0.0,0.0
2006-03-03,-17.0,-100.0,91.0,76.0,102.0
2006-03-04,-56.0,-100.0,3.0,76.0,3.0
2006-03-05,-6.0,-72.0,0.0,51.0,0.0
2006-03-06,28.0,-67.0,0.0,25.0,0.0
2006-03-07,11.0,-89.0,0.0,0.0,0.0
2006-03-08,11.0,-89.0,0.0,0.0,0.0
2006-03-09,39.0,-89.0,0.0,0.0,0.0
2006-03-10,111.0,28.0,10.0,0.0,0.0
2006-03-11,144.0,11.0,0.0,0.0,0.0
2006-03-12,128.0,22.0,0.0,0.0,0.0
2006-03-13,111.0,78.0,48.0,0.0,0.0
2006-03-14,194.0,56.0,152.0,0.0,0.0
2006-03-15,56.0,-44.0,10.0,0.0,0.0
2006-03-16,17.0,-44.0,0.0,0.0,0.0
2006-03-17,39.0,-56.0,0.0,0.0,0.0
2006-03-18,11.0,-89.0,0.0,0.0,0.0
2006-03-19,0.0,-78.0,3.0,0.0,0.0
2006-03-20,-11.0,-67.0,5.0,0.0,0.0
2006-03-21,-17.0,-111.0,3.0,0.0,0.0
2006-03-22,0.0,-100.0,0.0,0.0,0.0
2006-03-23,-6.0,-67.0,0.0,0.0,0.0
2006-03-24,33.0,-61.0,0.0,0.0,0.0
2006-03-25,28.0,-44.0,64.0,51.0,46.0
2006-03-26,28.0,-17.0,25.0,51.0,25.0
2006-03-27,33.0,-33.0,0.0,0.0,0.0
2006-03-28,89.0,-17.0,0.0,0.0,0.0
2006-03-29,100.0,-6.0,0.0,0.0,0.0
2006-03-30,144.0,6.0,0.0,0.0,0.0
2006-03-31,156.0,28.0,0.0,0.0,0.0
2006-04-01,211.0,78.0,5.0,0.0,0.0
2006-04-02,139.0,17.0,5.0,0.0,0.0
2006-04-03,133.0,17.0,0.0,0.0,0.0
2006-04-04,111.0,0.0,46.0,0.0,0.0
2006-04-05,67.0,-44.0,23.0,25.0,25.0
2006-04-06,22.0,-44.0,10.0,0.0,0.0
2006-04-07,100.0,0.0,0.0,0.0,0.0
2006-04-08,122.0,-22.0,56.0,0.0,0.0
2006-04-09,28.0,-50.0,0.0,0.0,0.0
2006-04-10,83.0,-44.0,0.0,0.0,0.0
2006-04-11,144.0,11.0,0.0,0.0,0.0
2006-04-12,189.0,72.0,0.0,0.0,0.0
2006-04-13,172.0,94.0,5.0,0.0,0.0
2006-04-14,183.0,89.0,33.0,0.0,0.0
2006-04-15,133.0,94.0,71.0,0.0,0.0
2006-04-16,217.0,44.0,0.0,0.0,0.0
2006-04-17,144.0,11.0,0.0,0.0,0.0
2006-04-18,133.0,17.0,0.0,0.0,0.0
2006-04-19,172.0,44.0,0.0,0.0,0.0
2006-04-20,200.0,72.0,0.0,0.0,0.0
2006-04-21,233.0,78.0,0.0,0.0,0.0
2006-04-22,189.0,33.0,119.0,0.0,0.0
2006-04-23,61.0,39.0,287.0,0.0,0.0
2006-04-24,133.0,50.0,10.0,0.0,0.0
2006-04-25,139.0,56.0,0.0,0.0,0.0
2006-04-26,167.0,-22.0,48.0,0.0,0.0
2006-04-27,128.0,0.0,0.0,0.0,0.0
2006-04-28,167.0,6.0,0.0,0.0,0.0
2006-04-29,128.0,-6.0,0.0,0.0,0.0
2006-04-30,161.0,28.0,0.0,0.0,0.0
2006-05-01,200.0,56.0,0.0,0.0,0.0
2006-05-02,200.0,44.0,0.0,0.0,0.0
2006-05-03,206.0,56.0,0.0,0.0,0.0
2006-05-04,183.0,67.0,0.0,0.0,0.0
2006-05-05,244.0,94.0,0.0,0.0,0.0
2006-05-06,200.0,83.0,0.0,0.0,0.0
2006-05-07,144.0,0.0,0.0,0.0,0.0
2006-05-08,167.0,28.0,0.0,0.0,0.0
2006-05-09,183.0,67.0,0.0,0.0,0.0
2006-05-10,189.0,72.0,0.0,0.0,0.0
2006-05-11,222.0,89.0,0.0,0.0,0.0
2006-05-12,144.0,83.0,434.0,0.0,0.0
2006-05-13,178.0,78.0,0.0,0.0,0.0
2006-05-14,178.0,94.0,10.0,0.0,0.0
2006-05-15,150.0,72.0,0.0,0.0,0.0
2006-05-16,100.0,72.0,137.0,0.0,0.0
2006-05-17,117.0,72.0,15.0,0.0,0.0
2006-05-18,167.0,78.0,28.0,0.0,0.0
2006-05-19,144.0,44.0,56.0,0.0,0.0
2006-05-20,106.0,61.0,48.0,0.0,0.0
2006-05-21,133.0,44.0,23.0,0.0,0.0
2006-05-22,133.0,33.0,18.0,0.0,0.0
2006-05-23,94.0,11.0,0.0,0.0,0.0
2006-05-24,150.0,17.0,0.0,0.0,0.0
2006-05-25,200.0,44.0,0.0,0.0,0.0
2006-05-26,178.0,122.0,3.0,0.0,0.0
2006-05-27,194.0,139.0,23.0,0.0,0.0
2006-05-28,217.0,117.0,0.0,0.0,0.0
2006-05-29,256.0,122.0,0.0,0.0,0.0
2006-05-30,300.0,183.0,0.0,0.0,0.0
2006-05-31,306.0,150.0,338.0,0.0,0.0
2006-06-01,278.0,172.0,10.0,0.0,0.0
2006-06-02,267.0,172.0,3.0,0.0,0.0
2006-06-03,183.0,117.0,213.0,0.0,0.0
2006-06-04,139.0,106.0,28.0,0.0,0.0
2006-06-05,161.0,89.0,23.0,0.0,0.0
2006-06-06,211.0,94.0,0.0,0.0,0.0
2006-06-07,211.0,106.0,5.0,0.0,0.0
2006-06-08,183.0,106.0,18.0,0.0,0.0
2006-06-09,183.0,100.0,13.0,0.0,0.0
2006-06-10,189.0,72.0,99.0,0.0,0.0
2006-06-11,156.0,44.0,5.0,0.0,0.0
2006-06-12,189.0,67.0,0.0,0.0,0.0
2006-06-13,156.0,100.0,0.0,0.0,0.0
2006-06-14,239.0,122.0,0.0,0.0,0.0
2006-06-15,183.0,106.0,36.0,0.0,0.0
2006-06-16,211.0,106.0,0.0,0.0,0.0
2006-06-17,244.0,150.0,0.0,0.0,0.0
2006-06-18,267.0,167.0,0.0,0.0,0.0
2006-06-19,283.0,200.0,0.0,0.0,0.0
2006-06-20,256.0,156.0,224.0,0.0,0.0
2006-06-21,239.0,111.0,28.0,0.0,0.0
2006-06-22,244.0,128.0,25.0,0.0,0.0
2006-06-23,256.0,156.0,43.0,0.0,0.0
2006-06-24,200.0,161.0,112.0,0.0,0.0
2006-06-25,239.0,161.0,0.0,0.0,0.0
2006-06-26,211.0,167.0,165.0,0.0,0.0
2006-06-27,244.0,178.0,442.0,0.0,0.0
2006-06-28,239.0,172.0,800.0,0.0,0.0
2006-06-29,250.0,156.0,38.0,0.0,0.0
2006-06-30,239.0,122.0,0.0,0.0,0.0
2006-07-01,233.0,117.0,53.0,0.0,0.0
2006-07-02,239.0,144.0,5.0,0.0,0.0
2006-07-03,256.0,183.0,175.0,0.0,0.0
2006-07-04,261.0,183.0,53.0,0.0,0.0
2006-07-05,233.0,172.0,10.0,0.0,0.0
2006-07-06,250.0,117.0,0.0,0.0,0.0
2006-07-07,206.0,106.0,0.0,0.0,0.0
2006-07-08,233.0,117.0,0.0,0.0,0.0
2006-07-09,233.0,133.0,0.0,0.0,0.0
2006-07-10,244.0,144.0,5.0,0.0,0.0
2006-07-11,244.0,161.0,61.0,0.0,0.0
2006-07-12,267.0,183.0,196.0,0.0,0.0
2006-07-13,228.0,178.0,109.0,0.0,0.0
2006-07-14,250.0,150.0,0.0,0.0,0.0
2006-07-15,272.0,161.0,140.0,0.0,0.0
2006-07-16,267.0,178.0,99.0,0.0,0.0
2006-07-17,300.0,189.0,0.0,0.0,0.0
2006-07-18,300.0,211.0,0.0,0.0,0.0
2006-07-19,289.0,178.0,0.0,0.0,0.0
2006-07-20,278.0,172.0,0.0,0.0,0.0
2006-07-21,272.0,178.0,15.0,0.0,0.0
2006-07-22,267.0,183.0,53.0,0.0,0.0
2006-07-23,206.0,139.0,445.0,0.0,0.0
2006-07-24,222.0,128.0,0.0,0.0,0.0
2006-07-25,244.0,150.0,0.0,0.0,0.0
2006-07-26,261.0,172.0,0.0,0.0,0.0
2006-07-27,267.0,183.0,0.0,0.0,0.0
2006-07-28,272.0,194.0,371.0,0.0,0.0
2006-07-29,239.0,178.0,58.0,0.0,0.0
2006-07-30,278.0,194.0,28.0,0.0,0.0
2006-07-31,278.0,183.0,0.0,0.0,0.0
2006-08-01,294.0,206.0,0.0,0.0,0.0
2006-08-02,311.0,228.0,0.0,0.0,0.0
2006-08-03,311.0,217.0,0.0,0.0,0.0
2006-08-04,306.0,206.0,165.0,0.0,0.0
2006-08-05,261.0,150.0,5.0,0.0,0.0
2006-08-06,244.0,128.0,0.0,0.0,0.0
2006-08-07,256.0,144.0,3.0,0.0,0.0
2006-08-08,261.0,150.0,18.0,0.0,0.0
2006-08-09,233.0,106.0,0.0,0.0,0.0
2006-08-10,233.0,133.0,0.0,0.0,0.0
2006-08-11,256.0,128.0,0.0,0.0,0.0
2006-08-12,211.0,72.0,0.0,0.0,0.0
2006-08-13,206.0,83.0,0.0,0.0,0.0
2006-08-14,233.0,133.0,0.0,0.0,0.0
2006-08-15,261.0,156.0,107.0,0.0,0.0
2006-08-16,244.0,122.0,0.0,0.0,0.0
2006-08-17,233.0,122.0,0.0,0.0,0.0
2006-08-18,250.0,128.0,0.0,0.0,0.0
2006-08-19,250.0,172.0,0.0,0.0,0.0
2006-08-20,217.0,183.0,229.0,0.0,0.0
2006-08-21,261.0,150.0,0.0,0.0,0.0
2006-08-22,233.0,128.0,0.0,0.0,0.0
2006-08-23,244.0,128.0,0.0,0.0,0.0
2006-08-24,239.0,139.0,0.0,0.0,0.0
2006-08-25,211.0,144.0,3.0,0.0,0.0
2006-08-26,233.0,156.0,74.0,0.0,0.0
2006-08-27,178.0,161.0,38.0,0.0,0.0
2006-08-28,194.0,167.0,343.0,0.0,0.0
2006-08-29,244.0,178.0,84.0,0.0,0.0
2006-08-30,211.0,156.0,282.0,0.0,0.0
2006-08-31,211.0,106.0,5.0,0.0,0.0
2006-09-01,189.0,106.0,0.0,0.0,0.0
2006-09-02,167.0,94.0,127.0,0.0,0.0
2006-09-03,150.0,94.0,173.0,0.0,0.0
2006-09-04,150.0,117.0,8.0,0.0,0.0
2006-09-05,200.0,117.0,0.0,0.0,0.0
2006-09-06,161.0,122.0,15.0,0.0,0.0
2006-09-07,189.0,89.0,10.0,0.0,0.0
2006-09-08,217.0,83.0,0.0,0.0,0.0
2006-09-09,228.0,133.0,0.0,0.0,0.0
2006-09-10,228.0,117.0,216.0,0.0,0.0
2006-09-11,150.0,78.0,0.0,0.0,0.0
2006-09-12,156.0,89.0,0.0,0.0,0.0
2006-09-13,156.0,100.0,15.0,0.0,0.0
2006-09-14,139.0,106.0,43.0,0.0,0.0
2006-09-15,161.0,133.0,20.0,0.0,0.0
2006-09-16,183.0,139.0,86.0,0.0,0.0
2006-09-17,194.0,106.0,0.0,0.0,0.0
2006-09-18,222.0,106.0,0.0,0.0,0.0
2006-09-19,233.0,150.0,0.0,0.0,0.0
2006-09-20,211.0,89.0,13.0,0.0,0.0
2006-09-21,139.0,33.0,10.0,0.0,0.0
2006-09-22,144.0,33.0,0.0,0.0,0.0
2006-09-23,156.0,78.0,33.0,0.0,0.0
2006-09-24,183.0,128.0,5.0,0.0,0.0
2006-09-25,206.0,100.0,0.0,0.0,0.0
2006-09-26,167.0,67.0,0.0,0.0,0.0
2006-09-27,161.0,67.0,0.0,0.0,0.0
2006-09-28,189.0,89.0,0.0,0.0,0.0
2006-09-29,167.0,67.0,559.0,0.0,0.0
2006-09-30,122.0,33.0,5.0,0.0,0.0
2006-10-01,106.0,39.0,97.0,0.0,0.0
2006-10-02,150.0,50.0,43.0,0.0,0.0
2006-10-03,172.0,50.0,0.0,0.0,0.0
2006-10-04,206.0,106.0,5.0,0.0,0.0
2006-10-05,178.0,61.0,132.0,0.0,0.0
2006-10-06,117.0,39.0,0.0,0.0,0.0
2006-10-07,100.0,17.0,0.0,0.0,0.0
2006-10-08,133.0,17.0,0.0,0.0,0.0
2006-10-09,194.0,67.0,0.0,0.0,0.0
2006-10-10,217.0,83.0,0.0,0.0,0.0
2006-10-11,200.0,78.0,0.0,0.0,0.0
2006-10-12,139.0,117.0,64.0,0.0,0.0
2006-10-13,122.0,-22.0,20.0,0.0,0.0
2006-10-14,78.0,-22.0,0.0,0.0,0.0
2006-10-15,89.0,-6.0,0.0,0.0,0.0
2006-10-16,78.0,-6.0,0.0,0.0,0.0
2006-10-17,117.0,11.0,10.0,0.0,0.0
2006-10-18,133.0,67.0,277.0,0.0,0.0
2006-10-19,161.0,94.0,0.0,0.0,0.0
2006-10-20,172.0,67.0,381.0,0.0,0.0
2006-10-21,72.0,17.0,109.0,0.0,0.0
2006-10-22,100.0,17.0,0.0,0.0,0.0
2006-10-23,106.0,28.0,20.0,0.0,0.0
2006-10-24,39.0,0.0,3.0,0.0,0.0
2006-10-25,39.0,0.0,5.0,0.0,0.0
2006-10-26,50.0,0.0,0.0,0.0,0.0
2006-10-27,50.0,-22.0,0.0,0.0,0.0
2006-10-28,89.0,-17.0,236.0,0.0,0.0
2006-10-29,100.0,6.0,117.0,0.0,0.0
2006-10-30,56.0,6.0,0.0,0.0,0.0
2006-10-31,122.0,17.0,0.0,0.0,0.0
2006-11-01,178.0,72.0,5.0,0.0,0.0
2006-11-02,133.0,0.0,117.0,0.0,0.0
2006-11-03,56.0,-44.0,20.0,0.0,0.0
2006-11-04,22.0,-56.0,0.0,0.0,0.0
2006-11-05,22.0,-50.0,0.0,0.0,0.0
2006-11-06,61.0,-6.0,0.0,0.0,0.0
2006-11-07,111.0,0.0,0.0,0.0,0.0
2006-11-08,111.0,44.0,30.0,0.0,0.0
2006-11-09,133.0,44.0,48.0,0.0,0.0
2006-11-10,161.0,44.0,0.0,0.0,0.0
2006-11-11,117.0,39.0,0.0,0.0,0.0
2006-11-12,172.0,28.0,142.0,0.0,0.0
2006-11-13,33.0,11.0,61.0,0.0,0.0
2006-11-14,72.0,28.0,10.0,0.0,0.0
2006-11-15,89.0,67.0,18.0,0.0,0.0
2006-11-16,133.0,83.0,5.0,0.0,0.0
2006-11-17,167.0,72.0,747.0,0.0,0.0
2006-11-18,78.0,0.0,0.0,0.0,0.0
2006-11-19,33.0,0.0,0.0,0.0,0.0
2006-11-20,22.0,-17.0,0.0,0.0,0.0
2006-11-21,0.0,-39.0,3.0,0.0,0.0
2006-11-22,22.0,-50.0,0.0,0.0,0.0
2006-11-23,28.0,-33.0,53.0,0.0,0.0
2006-11-24,33.0,-11.0,20.0,0.0,0.0
2006-11-25,94.0,-6.0,0.0,0.0,0.0
2006-11-26,94.0,-6.0,0.0,0.0,0.0
2006-11-27,128.0,33.0,0.0,0.0,0.0
2006-11-28,128.0,61.0,0.0,0.0,0.0
2006-11-29,133.0,72.0,0.0,0.0,0.0
2006-11-30,117.0,78.0,5.0,0.0,0.0
2006-12-01,150.0,111.0,51.0,0.0,0.0
2006-12-02,167.0,0.0,112.0,0.0,0.0
2006-12-03,17.0,-50.0,0.0,0.0,0.0
2006-12-04,28.0,-56.0,0.0,0.0,0.0
2006-12-05,-22.0,-78.0,3.0,0.0,0.0
2006-12-06,-33.0,-78.0,3.0,0.0,0.0
2006-12-07,28.0,-44.0,3.0,0.0,0.0
2006-12-08,28.0,-133.0,25.0,25.0,25.0
2006-12-09,-44.0,-133.0,0.0,25.0,0.0
2006-12-10,-6.0,-100.0,0.0,0.0,0.0
2006-12-11,67.0,-11.0,0.0,0.0,0.0
2006-12-12,89.0,22.0,0.0,0.0,0.0
2006-12-13,83.0,17.0,43.0,0.0,0.0
2006-12-14,72.0,50.0,13.0,0.0,0.0
2006-12-15,100.0,56.0,0.0,0.0,0.0
2006-12-16,100.0,17.0,0.0,0.0,0.0
2006-12-17,44.0,6.0,0.0,0.0,0.0
2006-12-18,111.0,44.0,10.0,0.0,0.0
2006-12-19,94.0,-17.0,36.0,0.0,0.0
2006-12-20,0.0,-56.0,0.0,0.0,0.0
2006-12-21,22.0,-61.0,0.0,0.0,0.0
2006-12-22,72.0,6.0,5.0,0.0,0.0
2006-12-23,89.0,6.0,229.0,0.0,0.0
2006-12-24,83.0,22.0,0.0,0.0,0.0
2006-12-25,67.0,-28.0,0.0,0.0,0.0
2006-12-26,56.0,-28.0,89.0,0.0,0.0
2006-12-27,50.0,-28.0,48.0,0.0,0.0
2006-12-28,0.0,-33.0,5.0,0.0,0.0
2006-12-29,28.0,-6.0,3.0,0.0,0.0
2006-12-30,22.0,-11.0,0.0,0.0,0.0
2006-12-31,56.0,-33.0,3.0,0.0,0.0
2007-01-01,50.0,-39.0,175.0,0.0,0.0
2007-01-02,56.0,-11.0,13.0,0.0,0.0
2007-01-03,33.0,-22.0,0.0,0.0,0.0
2007-01-04,61.0,-11.0,0.0,0.0,0.0
2007-01-05,100.0,44.0,25.0,0.0,0.0
2007-01-06,139.0,28.0,399.0,0.0,0.0
2007-01-07,139.0,-17.0,0.0,0.0,0.0
2007-01-08,67.0,-72.0,224.0,0.0,0.0
2007-01-09,44.0,-44.0,18.0,0.0,0.0
2007-01-10,-17.0,-78.0,15.0,0.0,0.0
2007-01-11,-44.0,-100.0,0.0,0.0,0.0
2007-01-12,-6.0,-100.0,0.0,0.0,0.0
2007-01-13,72.0,-6.0,10.0,0.0,0.0
2007-01-14,83.0,11.0,61.0,0.0,0.0
2007-01-15,61.0,-6.0,160.0,0.0,0.0
2007-01-16,83.0,-22.0,79.0,0.0,0.0
2007-01-17,-22.0,-133.0,8.0,0.0,0.0
2007-01-18,-56.0,-133.0,0.0,0.0,0.0
2007-01-19,-22.0,-83.0,3.0,0.0,0.0
2007-01-20,-11.0,-94.0,43.0,102.0,102.0
2007-01-21,-67.0,-139.0,5.0,51.0,13.0
2007-01-22,-72.0,-133.0,3.0,51.0,0.0
2007-01-23,-39.0,-78.0,10.0,51.0,25.0
2007-01-24,-22.0,-61.0,10.0,76.0,25.0
2007-01-25,-28.0,-83.0,25.0,127.0,64.0
2007-01-26,-72.0,-200.0,10.0,102.0,25.0
2007-01-27,-78.0,-200.0,3.0,102.0,0.0
2007-01-28,-6.0,-78.0,3.0,76.0,0.0
2007-01-29,-17.0,-122.0,58.0,229.0,178.0
2007-01-30,-83.0,-139.0,3.0,178.0,0.0
2007-01-31,-61.0,-128.0,30.0,229.0,51.0
2007-02-01,-78.0,-128.0,0.0,178.0,0.0
2007-02-02,-22.0,-89.0,0.0,152.0,0.0
2007-02-03,-6.0,-144.0,38.0,178.0,51.0
2007-02-04,-83.0,-183.0,3.0,127.0,0.0
2007-02-05,-117.0,-211.0,0.0,127.0,0.0
2007-02-06,-139.0,-211.0,0.0,127.0,0.0
2007-02-07,-122.0,-200.0,3.0,102.0,0.0
2007-02-08,-100.0,-183.0,0.0,102.0,0.0
2007-02-09,-83.0,-172.0,0.0,102.0,0.0
2007-02-10,-61.0,-144.0,0.0,76.0,0.0
2007-02-11,-72.0,-156.0,0.0,76.0,0.0
2007-02-12,-67.0,-150.0,0.0,76.0,0.0
2007-02-13,-28.0,-122.0,0.0,0.0,0.0
2007-02-14,-94.0,-128.0,333.0,254.0,178.0
2007-02-15,-117.0,-183.0,145.0,406.0,178.0
2007-02-16,-111.0,-183.0,0.0,356.0,0.0
2007-02-17,-67.0,-161.0,0.0,305.0,0.0
2007-02-18,-39.0,-122.0,25.0,305.0,25.0
2007-02-19,-67.0,-178.0,18.0,279.0,25.0
2007-02-20,-17.0,-172.0,0.0,254.0,0.0
2007-02-21,61.0,-28.0,3.0,203.0,0.0
2007-02-22,39.0,-17.0,0.0,203.0,0.0
2007-02-23,22.0,-78.0,30.0,203.0,25.0
2007-02-24,-61.0,-139.0,10.0,203.0,25.0
2007-02-25,-17.0,-139.0,0.0,203.0,0.0
2007-02-26,-6.0,-111.0,91.0,279.0,76.0
2007-02-27,-6.0,-28.0,20.0,279.0,25.0
2007-02-28,11.0,-22.0,15.0,279.0,25.0
2007-03-01,11.0,-33.0,10.0,254.0,13.0
2007-03-02,61.0,-33.0,198.0,203.0,0.0
2007-03-03,78.0,17.0,25.0,203.0,0.0
2007-03-04,33.0,-56.0,3.0,178.0,0.0
2007-03-05,-28.0,-72.0,3.0,178.0,0.0
2007-03-06,-11.0,-189.0,3.0,178.0,0.0
2007-03-07,-122.0,-189.0,25.0,203.0,25.0
2007-03-08,-83.0,-156.0,8.0,203.0,25.0
2007-03-09,-50.0,-161.0,0.0,178.0,0.0
2007-03-10,-6.0,-150.0,0.0,178.0,0.0
2007-03-11,67.0,-22.0,48.0,127.0,0.0
2007-03-12,17.0,-44.0,0.0,127.0,0.0
2007-03-13,83.0,-22.0,0.0,127.0,0.0
2007-03-14,144.0,50.0,0.0,102.0,0.0
2007-03-15,156.0,39.0,122.0,25.0,0.0
2007-03-16,44.0,-72.0,102.0,25.0,25.0
2007-03-17,-50.0,-94.0,254.0,229.0,229.0
2007-03-18,-61.0,-100.0,8.0,229.0,0.0
2007-03-19,-11.0,-100.0,0.0,203.0,0.0
2007-03-20,11.0,-83.0,114.0,254.0,76.0
2007-03-21,11.0,-111.0,0.0,203.0,0.0
2007-03-22,39.0,-111.0,0.0,178.0,0.0
2007-03-23,128.0,6.0,38.0,102.0,0.0
2007-03-24,67.0,-22.0,0.0,51.0,0.0
2007-03-25,128.0,0.0,30.0,0.0,0.0
2007-03-26,122.0,11.0,0.0,0.0,0.0
2007-03-27,128.0,33.0,13.0,0.0,0.0
2007-03-28,228.0,56.0,0.0,0.0,0.0
2007-03-29,94.0,-33.0,0.0,0.0,0.0
2007-03-30,78.0,-33.0,0.0,0.0,0.0
2007-03-31,150.0,-28.0,0.0,0.0,0.0
2007-04-01,106.0,11.0,23.0,0.0,0.0
2007-04-02,61.0,17.0,107.0,0.0,0.0
2007-04-03,194.0,33.0,0.0,0.0,0.0
2007-04-04,194.0,22.0,10.0,0.0,0.0
2007-04-05,39.0,-39.0,13.0,0.0,0.0
2007-04-06,-28.0,-67.0,36.0,25.0,25.0
2007-04-07,-22.0,-83.0,3.0,0.0,0.0
2007-04-08,-22.0,-78.0,8.0,0.0,0.0
2007-04-09,-17.0,-72.0,8.0,0.0,0.0
2007-04-10,6.0,-56.0,0.0,0.0,0.0
2007-04-11,33.0,-50.0,0.0,0.0,0.0
2007-04-12,78.0,-33.0,185.0,0.0,13.0
2007-04-13,56.0,0.0,43.0,0.0,0.0
2007-04-14,22.0,-28.0,0.0,0.0,0.0
2007-04-15,83.0,-22.0,91.0,0.0,0.0
2007-04-16,33.0,-28.0,201.0,152.0,152.0
2007-04-17,-6.0,-28.0,140.0,229.0,102.0
2007-04-18,11.0,-6.0,13.0,178.0,0.0
2007-04-19,67.0,0.0,0.0,76.0,0.0
2007-04-20,111.0,17.0,0.0,25.0,0.0
2007-04-21,167.0,33.0,0.0,0.0,0.0
2007-04-22,211.0,67.0,0.0,0.0,0.0
2007-04-23,228.0,89.0,0.0,0.0,0.0
2007-04-24,250.0,111.0,10.0,0.0,0.0
2007-04-25,167.0,33.0,0.0,0.0,0.0
2007-04-26,117.0,28.0,147.0,0.0,0.0
2007-04-27,100.0,33.0,3.0,0.0,0.0
2007-04-28,122.0,78.0,5.0,0.0,0.0
2007-04-29,122.0,72.0,13.0,0.0,0.0
2007-04-30,183.0,72.0,8.0,0.0,0.0
2007-05-01,189.0,44.0,0.0,0.0,0.0
2007-05-02,144.0,72.0,163.0,0.0,0.0
2007-05-03,150.0,33.0,0.0,0.0,0.0
2007-05-04,172.0,33.0,0.0,0.0,0.0
2007-05-05,167.0,44.0,0.0,0.0,0.0
2007-05-06,189.0,28.0,0.0,0.0,0.0
2007-05-07,139.0,28.0,0.0,0.0,0.0
2007-05-08,194.0,61.0,0.0,0.0,0.0
2007-05-09,222.0,83.0,0.0,0.0,0.0
2007-05-10,250.0,128.0,0.0,0.0,0.0
2007-05-11,244.0,150.0,107.0,0.0,0.0
2007-05-12,239.0,111.0,0.0,0.0,0.0
2007-05-13,178.0,33.0,18.0,0.0,0.0
2007-05-14,144.0,17.0,0.0,0.0,0.0
2007-05-15,172.0,39.0,0.0,0.0,0.0
2007-05-16,278.0,122.0,0.0,0.0,0.0
2007-05-17,183.0,56.0,264.0,0.0,0.0
2007-05-18,133.0,33.0,0.0,0.0,0.0
2007-05-19,122.0,22.0,0.0,0.0,0.0
2007-05-20,156.0,56.0,0.0,0.0,0.0
2007-05-21,167.0,44.0,25.0,0.0,0.0
2007-05-22,161.0,39.0,0.0,0.0,0.0
2007-05-23,211.0,72.0,0.0,0.0,0.0
2007-05-24,239.0,122.0,0.0,0.0,0.0
2007-05-25,256.0,122.0,0.0,0.0,0.0
2007-05-26,278.0,144.0,10.0,0.0,0.0
2007-05-27,217.0,150.0,13.0,0.0,0.0
2007-05-28,256.0,150.0,51.0,0.0,0.0
2007-05-29,244.0,83.0,0.0,0.0,0.0
2007-05-30,222.0,94.0,0.0,0.0,0.0
2007-05-31,272.0,133.0,0.0,0.0,0.0
2007-06-01,278.0,150.0,20.0,0.0,0.0
2007-06-02,278.0,156.0,0.0,0.0,0.0
2007-06-03,278.0,183.0,0.0,0.0,0.0
2007-06-04,228.0,150.0,20.0,0.0,0.0
2007-06-05,200.0,144.0,38.0,0.0,0.0
2007-06-06,200.0,67.0,5.0,0.0,0.0
2007-06-07,172.0,67.0,0.0,0.0,0.0
2007-06-08,233.0,100.0,0.0,0.0,0.0
2007-06-09,289.0,139.0,183.0,0.0,0.0
2007-06-10,206.0,117.0,0.0,0.0,0.0
2007-06-11,233.0,106.0,0.0,0.0,0.0
2007-06-12,244.0,128.0,0.0,0.0,0.0
2007-06-13,267.0,139.0,231.0,0.0,0.0
2007-06-14,261.0,106.0,46.0,0.0,0.0
2007-06-15,178.0,89.0,0.0,0.0,0.0
2007-06-16,217.0,128.0,0.0,0.0,0.0
2007-06-17,233.0,139.0,0.0,0.0,0.0
2007-06-18,272.0,144.0,5.0,0.0,0.0
2007-06-19,283.0,183.0,0.0,0.0,0.0
2007-06-20,289.0,133.0,51.0,0.0,0.0
2007-06-21,222.0,111.0,0.0,0.0,0.0
2007-06-22,239.0,117.0,18.0,0.0,0.0
2007-06-23,194.0,67.0,0.0,0.0,0.0
2007-06-24,200.0,83.0,0.0,0.0,0.0
2007-06-25,261.0,144.0,0.0,0.0,0.0
2007-06-26,300.0,211.0,0.0,0.0,0.0
2007-06-27,300.0,211.0,0.0,0.0,0.0
2007-06-28,306.0,183.0,48.0,0.0,0.0
2007-06-29,261.0,150.0,127.0,0.0,0.0
2007-06-30,222.0,106.0,0.0,0.0,0.0
2007-07-01,228.0,83.0,0.0,0.0,0.0
2007-07-02,183.0,67.0,0.0,0.0,0.0
2007-07-03,200.0,83.0,0.0,0.0,0.0
2007-07-04,222.0,117.0,0.0,0.0,0.0
2007-07-05,183.0,156.0,43.0,0.0,0.0
2007-07-06,244.0,139.0,33.0,0.0,0.0
2007-07-07,250.0,139.0,15.0,0.0,0.0
2007-07-08,250.0,167.0,0.0,0.0,0.0
2007-07-09,294.0,200.0,0.0,0.0,0.0
2007-07-10,317.0,211.0,0.0,0.0,0.0
2007-07-11,306.0,206.0,0.0,0.0,0.0
2007-07-12,250.0,106.0,91.0,0.0,0.0
2007-07-13,233.0,128.0,0.0,0.0,0.0
2007-07-14,239.0,117.0,0.0,0.0,0.0
2007-07-15,244.0,144.0,0.0,0.0,0.0
2007-07-16,272.0,128.0,0.0,0.0,0.0
2007-07-17,267.0,139.0,0.0,0.0,0.0
2007-07-18,272.0,161.0,99.0,0.0,0.0
2007-07-19,250.0,167.0,0.0,0.0,0.0
2007-07-20,233.0,144.0,25.0,0.0,0.0
2007-07-21,228.0,94.0,0.0,0.0,0.0
2007-07-22,228.0,94.0,0.0,0.0,0.0
2007-07-23,239.0,128.0,0.0,0.0,0.0
2007-07-24,167.0,111.0,145.0,0.0,0.0
2007-07-25,239.0,117.0,8.0,0.0,0.0
2007-07-26,261.0,167.0,0.0,0.0,0.0
2007-07-27,250.0,183.0,5.0,0.0,0.0
2007-07-28,256.0,167.0,99.0,0.0,0.0
2007-07-29,261.0,172.0,0.0,0.0,0.0
2007-07-30,244.0,167.0,0.0,0.0,0.0
2007-07-31,267.0,133.0,0.0,0.0,0.0
2007-08-01,278.0,150.0,0.0,0.0,0.0
2007-08-02,300.0,167.0,0.0,0.0,0.0
2007-08-03,317.0,194.0,0.0,0.0,0.0
2007-08-04,311.0,183.0,0.0,0.0,0.0
2007-08-05,300.0,128.0,0.0,0.0,0.0
2007-08-06,278.0,156.0,15.0,0.0,0.0
2007-08-07,267.0,183.0,0.0,0.0,0.0
2007-08-08,267.0,183.0,353.0,0.0,0.0
2007-08-09,306.0,167.0,0.0,0.0,0.0
2007-08-10,261.0,178.0,56.0,0.0,0.0
2007-08-11,200.0,139.0,5.0,0.0,0.0
2007-08-12,250.0,139.0,0.0,0.0,0.0
2007-08-13,272.0,161.0,0.0,0.0,0.0
2007-08-14,250.0,111.0,0.0,0.0,0.0
2007-08-15,239.0,111.0,0.0,0.0,0.0
2007-08-16,261.0,161.0,0.0,0.0,0.0
2007-08-17,267.0,167.0,0.0,0.0,0.0
2007-08-18,267.0,83.0,3.0,0.0,0.0
2007-08-19,200.0,100.0,0.0,0.0,0.0
2007-08-20,178.0,117.0,8.0,0.0,0.0
2007-08-21,150.0,111.0,409.0,0.0,0.0
2007-08-22,128.0,111.0,86.0,0.0,0.0
2007-08-23,167.0,111.0,0.0,0.0,0.0
2007-08-24,211.0,144.0,5.0,0.0,0.0
2007-08-25,267.0,183.0,0.0,0.0,0.0
2007-08-26,300.0,178.0,140.0,0.0,0.0
2007-08-27,217.0,128.0,0.0,0.0,0.0
2007-08-28,239.0,144.0,0.0,0.0,0.0
2007-08-29,244.0,144.0,0.0,0.0,0.0
2007-08-30,261.0,167.0,0.0,0.0,0.0
2007-08-31,283.0,133.0,140.0,0.0,0.0
2007-09-01,217.0,100.0,0.0,0.0,0.0
2007-09-02,217.0,72.0,0.0,0.0,0.0
2007-09-03,217.0,78.0,0.0,0.0,0.0
2007-09-04,244.0,139.0,0.0,0.0,0.0
2007-09-05,239.0,122.0,0.0,0.0,0.0
2007-09-06,239.0,128.0,0.0,0.0,0.0
2007-09-07,250.0,178.0,0.0,0.0,0.0
2007-09-08,278.0,183.0,0.0,0.0,0.0
2007-09-09,261.0,178.0,127.0,0.0,0.0
2007-09-10,261.0,178.0,15.0,0.0,0.0
2007-09-11,206.0,144.0,36.0,0.0,0.0
2007-09-12,189.0,94.0,226.0,0.0,0.0
2007-09-13,172.0,83.0,0.0,0.0,0.0
2007-09-14,194.0,83.0,0.0,0.0,0.0
2007-09-15,178.0,89.0,114.0,0.0,0.0
2007-09-16,122.0,28.0,0.0,0.0,0.0
2007-09-17,133.0,22.0,0.0,0.0,0.0
2007-09-18,161.0,28.0,0.0,0.0,0.0
2007-09-19,183.0,67.0,0.0,0.0,0.0
2007-09-20,200.0,89.0,0.0,0.0,0.0
2007-09-21,239.0,117.0,0.0,0.0,0.0
2007-09-22,239.0,139.0,0.0,0.0,0.0
2007-09-23,256.0,111.0,0.0,0.0,0.0
2007-09-24,206.0,72.0,0.0,0.0,0.0
2007-09-25,228.0,78.0,0.0,0.0,0.0
2007-09-26,267.0,128.0,0.0,0.0,0.0
2007-09-27,278.0,172.0,8.0,0.0,0.0
2007-09-28,239.0,139.0,284.0,0.0,0.0
2007-09-29,183.0,100.0,8.0,0.0,0.0
2007-09-30,172.0,78.0,0.0,0.0,0.0
2007-10-01,189.0,67.0,0.0,0.0,0.0
2007-10-02,183.0,117.0,0.0,0.0,0.0
2007-10-03,183.0,122.0,0.0,0.0,0.0
2007-10-04,217.0,144.0,5.0,0.0,0.0
2007-10-05,250.0,144.0,0.0,0.0,0.0
2007-10-06,256.0,161.0,0.0,0.0,0.0
2007-10-07,250.0,167.0,0.0,0.0,0.0
2007-10-08,217.0,144.0,0.0,0.0,0.0
2007-10-09,272.0,144.0,0.0,0.0,0.0
2007-10-10,267.0,94.0,279.0,0.0,0.0
2007-10-11,194.0,89.0,33.0,0.0,0.0
2007-10-12,89.0,61.0,152.0,0.0,0.0
2007-10-13,83.0,11.0,3.0,0.0,0.0
2007-10-14,117.0,39.0,0.0,0.0,0.0
2007-10-15,117.0,44.0,0.0,0.0,0.0
2007-10-16,150.0,61.0,0.0,0.0,0.0
2007-10-17,178.0,67.0,5.0,0.0,0.0
2007-10-18,194.0,117.0,10.0,0.0,0.0
2007-10-19,200.0,139.0,0.0,0.0,0.0
2007-10-20,194.0,100.0,406.0,0.0,0.0
2007-10-21,144.0,78.0,0.0,0.0,0.0
2007-10-22,194.0,83.0,0.0,0.0,0.0
2007-10-23,217.0,106.0,0.0,0.0,0.0
2007-10-24,172.0,72.0,409.0,0.0,0.0
2007-10-25,94.0,67.0,51.0,0.0,0.0
2007-10-26,133.0,56.0,0.0,0.0,0.0
2007-10-27,139.0,83.0,188.0,0.0,0.0
2007-10-28,150.0,22.0,91.0,0.0,0.0
2007-10-29,78.0,-28.0,0.0,0.0,0.0
2007-10-30,83.0,-28.0,0.0,0.0,0.0
2007-10-31,128.0,17.0,0.0,0.0,0.0
2007-11-01,150.0,50.0,0.0,0.0,0.0
2007-11-02,111.0,-6.0,20.0,0.0,0.0
2007-11-03,106.0,0.0,0.0,0.0,0.0
2007-11-04,94.0,0.0,0.0,0.0,0.0
2007-11-05,72.0,-6.0,8.0,0.0,0.0
2007-11-06,89.0,0.0,157.0,0.0,0.0
2007-11-07,50.0,11.0,0.0,0.0,0.0
2007-11-08,28.0,-28.0,3.0,0.0,0.0
2007-11-09,17.0,-28.0,0.0,0.0,0.0
2007-11-10,6.0,-6.0,28.0,0.0,0.0
2007-11-11,11.0,-44.0,0.0,0.0,0.0
2007-11-12,44.0,-39.0,8.0,0.0,0.0
2007-11-13,89.0,-39.0,76.0,0.0,0.0
2007-11-14,111.0,50.0,0.0,0.0,0.0
2007-11-15,111.0,39.0,262.0,0.0,0.0
2007-11-16,39.0,0.0,97.0,0.0,0.0
2007-11-17,11.0,-22.0,28.0,0.0,0.0
2007-11-18,11.0,-22.0,23.0,25.0,25.0
2007-11-19,-6.0,-22.0,122.0,178.0,229.0
2007-11-20,28.0,-17.0,28.0,51.0,3.0
2007-11-21,78.0,22.0,3.0,0.0,0.0
2007-11-22,139.0,72.0,10.0,0.0,0.0
2007-11-23,150.0,-56.0,0.0,0.0,0.0
2007-11-24,39.0,-100.0,0.0,0.0,0.0
2007-11-25,-22.0,-100.0,0.0,0.0,0.0
2007-11-26,39.0,-39.0,76.0,0.0,0.0
2007-11-27,83.0,17.0,226.0,0.0,0.0
2007-11-28,50.0,-39.0,3.0,0.0,0.0
2007-11-29,17.0,-33.0,0.0,0.0,0.0
2007-11-30,78.0,-56.0,0.0,0.0,0.0
2007-12-01,11.0,-67.0,0.0,0.0,0.0
2007-12-02,-44.0,-94.0,76.0,76.0,76.0
2007-12-03,6.0,-78.0,81.0,51.0,0.0
2007-12-04,6.0,-72.0,41.0,102.0,102.0
2007-12-05,-50.0,-78.0,10.0,127.0,25.0
2007-12-06,-56.0,-150.0,23.0,127.0,51.0
2007-12-07,-50.0,-139.0,0.0,102.0,0.0
2007-12-08,-17.0,-67.0,18.0,76.0,0.0
2007-12-09,11.0,-50.0,0.0,51.0,0.0
2007-12-10,0.0,-33.0,97.0,51.0,0.0
2007-12-11,6.0,-22.0,5.0,25.0,0.0
2007-12-12,78.0,-11.0,132.0,0.0,0.0
2007-12-13,39.0,-44.0,0.0,0.0,0.0
2007-12-14,39.0,-44.0,198.0,152.0,203.0
2007-12-15,-11.0,-100.0,0.0,102.0,0.0
2007-12-16,-17.0,-106.0,112.0,127.0,51.0
2007-12-17,0.0,-94.0,79.0,76.0,25.0
2007-12-18,-50.0,-100.0,3.0,76.0,0.0
2007-12-19,-11.0,-100.0,0.0,76.0,0.0
2007-12-20,-11.0,-39.0,5.0,51.0,0.0
2007-12-21,6.0,-61.0,0.0,51.0,0.0
2007-12-22,6.0,-61.0,8.0,51.0,0.0
2007-12-23,50.0,-22.0,5.0,25.0,0.0
2007-12-24,122.0,-33.0,290.0,0.0,0.0
2007-12-25,0.0,-28.0,0.0,0.0,0.0
2007-12-26,-6.0,-50.0,0.0,0.0,0.0
2007-12-27,22.0,-50.0,0.0,0.0,0.0
2007-12-28,11.0,-22.0,15.0,0.0,0.0
2007-12-29,33.0,-22.0,112.0,0.0,0.0
2007-12-30,33.0,-39.0,0.0,0.0,0.0
2007-12-31,-6.0,-44.0,127.0,152.0,152.0
2008-01-01,0.0,-44.0,41.0,152.0,38.0
2008-01-02,0.0,-89.0,48.0,203.0,76.0
2008-01-03,-83.0,-156.0,10.0,203.0,38.0
2008-01-04,-100.0,-161.0,5.0,178.0,0.0
2008-01-05,-17.0,-122.0,0.0,152.0,0.0
2008-01-06,28.0,-22.0,15.0,127.0,0.0
2008-01-07,89.0,28.0,8.0,25.0,0.0
2008-01-08,128.0,89.0,0.0,0.0,0.0
2008-01-09,150.0,106.0,28.0,0.0,0.0
2008-01-10,111.0,-39.0,0.0,0.0,0.0
2008-01-11,61.0,-22.0,297.0,0.0,0.0
2008-01-12,50.0,6.0,112.0,0.0,0.0
2008-01-13,28.0,-33.0,0.0,0.0,0.0
2008-01-14,28.0,-22.0,10.0,0.0,0.0
2008-01-15,6.0,-61.0,25.0,25.0,25.0
2008-01-16,-28.0,-61.0,15.0,25.0,0.0
2008-01-17,-22.0,-100.0,3.0,0.0,0.0
2008-01-18,-6.0,-56.0,56.0,51.0,51.0
2008-01-19,6.0,-133.0,0.0,25.0,0.0
2008-01-20,-44.0,-144.0,5.0,25.0,0.0
2008-01-21,-122.0,-172.0,0.0,25.0,0.0
2008-01-22,-78.0,-172.0,0.0,25.0,0.0
2008-01-23,-28.0,-89.0,5.0,25.0,0.0
2008-01-24,-44.0,-94.0,0.0,25.0,0.0
2008-01-25,-50.0,-117.0,10.0,25.0,13.0
2008-01-26,-50.0,-122.0,0.0,25.0,0.0
2008-01-27,-39.0,-106.0,5.0,25.0,0.0
2008-01-28,-33.0,-72.0,0.0,25.0,0.0
2008-01-29,6.0,-61.0,8.0,25.0,0.0
2008-01-30,33.0,-17.0,160.0,25.0,0.0
2008-01-31,22.0,-111.0,10.0,0.0,0.0
2008-02-01,-17.0,-111.0,20.0,0.0,0.0
2008-02-02,33.0,-44.0,396.0,25.0,25.0
2008-02-03,-28.0,-50.0,0.0,25.0,0.0
2008-02-04,28.0,-44.0,5.0,25.0,0.0
2008-02-05,39.0,-11.0,5.0,0.0,0.0
2008-02-06,106.0,28.0,175.0,0.0,0.0
2008-02-07,117.0,6.0,168.0,0.0,0.0
2008-02-08,17.0,-56.0,5.0,0.0,0.0
2008-02-09,-11.0,-44.0,5.0,0.0,0.0
2008-02-10,0.0,-28.0,86.0,102.0,102.0
2008-02-11,-22.0,-194.0,30.0,127.0,51.0
2008-02-12,-106.0,-194.0,0.0,102.0,0.0
2008-02-13,11.0,-144.0,142.0,203.0,152.0
2008-02-14,6.0,-94.0,119.0,127.0,51.0
2008-02-15,-28.0,-89.0,3.0,127.0,0.0
2008-02-16,-11.0,-122.0,5.0,102.0,0.0
2008-02-17,-39.0,-122.0,0.0,102.0,0.0
2008-02-18,89.0,-39.0,310.0,25.0,0.0
2008-02-19,78.0,-61.0,20.0,0.0,0.0
2008-02-20,0.0,-128.0,3.0,0.0,0.0
2008-02-21,-61.0,-144.0,3.0,0.0,0.0
2008-02-22,-50.0,-144.0,38.0,51.0,51.0
2008-02-23,-44.0,-122.0,107.0,178.0,127.0
2008-02-24,-39.0,-139.0,5.0,152.0,0.0
2008-02-25,6.0,-117.0,0.0,102.0,0.0
2008-02-26,22.0,-72.0,0.0,102.0,0.0
2008-02-27,17.0,-67.0,124.0,127.0,51.0
2008-02-28,-44.0,-161.0,8.0,127.0,25.0
2008-02-29,-83.0,-161.0,3.0,102.0,0.0
2008-03-01,-17.0,-150.0,84.0,178.0,76.0
2008-03-02,0.0,-72.0,5.0,152.0,0.0
2008-03-03,22.0,-72.0,0.0,102.0,0.0
2008-03-04,106.0,17.0,0.0,0.0,0.0
2008-03-05,94.0,-6.0,678.0,0.0,0.0
2008-03-06,22.0,-56.0,15.0,25.0,25.0
2008-03-07,39.0,-56.0,0.0,0.0,0.0
2008-03-08,61.0,-11.0,297.0,0.0,0.0
2008-03-09,17.0,-89.0,112.0,0.0,13.0
2008-03-10,-17.0,-89.0,0.0,0.0,0.0
2008-03-11,22.0,-89.0,3.0,0.0,0.0
2008-03-12,33.0,-39.0,3.0,0.0,0.0
2008-03-13,11.0,-67.0,0.0,0.0,0.0
2008-03-14,61.0,-61.0,0.0,0.0,0.0
2008-03-15,100.0,6.0,76.0,0.0,0.0
2008-03-16,89.0,-22.0,23.0,25.0,25.0
2008-03-17,11.0,-67.0,3.0,0.0,0.0
2008-03-18,33.0,-67.0,0.0,0.0,0.0
2008-03-19,22.0,-6.0,84.0,0.0,0.0
2008-03-20,122.0,-6.0,297.0,0.0,0.0
2008-03-21,17.0,-56.0,3.0,0.0,0.0
2008-03-22,28.0,-56.0,0.0,0.0,0.0
2008-03-23,28.0,-78.0,0.0,0.0,0.0
2008-03-24,28.0,-83.0,0.0,0.0,0.0
2008-03-25,33.0,-83.0,0.0,0.0,0.0
2008-03-26,50.0,-83.0,20.0,0.0,0.0
2008-03-27,72.0,-11.0,0.0,0.0,0.0
2008-03-28,44.0,-6.0,107.0,0.0,0.0
2008-03-29,22.0,-67.0,5.0,0.0,0.0
2008-03-30,11.0,-94.0,0.0,0.0,0.0
2008-03-31,67.0,-83.0,0.0,0.0,0.0
2008-04-01,106.0,0.0,107.0,0.0,0.0
2008-04-02,172.0,-22.0,18.0,0.0,0.0
2008-04-03,44.0,-56.0,0.0,0.0,0.0
2008-04-04,78.0,-56.0,46.0,0.0,0.0
2008-04-05,67.0,11.0,66.0,0.0,0.0
2008-04-06,61.0,11.0,10.0,0.0,0.0
2008-04-07,133.0,11.0,0.0,0.0,0.0
2008-04-08,83.0,11.0,0.0,0.0,0.0
2008-04-09,139.0,28.0,0.0,0.0,0.0
2008-04-10,144.0,44.0,0.0,0.0,0.0
2008-04-11,161.0,44.0,18.0,0.0,0.0
2008-04-12,156.0,100.0,97.0,0.0,0.0
2008-04-13,172.0,28.0,0.0,0.0,0.0
2008-04-14,56.0,-17.0,10.0,0.0,0.0
2008-04-15,72.0,-22.0,0.0,0.0,0.0
2008-04-16,111.0,-6.0,0.0,0.0,0.0
2008-04-17,167.0,22.0,0.0,0.0,0.0
2008-04-18,228.0,67.0,0.0,0.0,0.0
2008-04-19,256.0,78.0,0.0,0.0,0.0
2008-04-20,261.0,111.0,0.0,0.0,0.0
2008-04-21,189.0,111.0,5.0,0.0,0.0
2008-04-22,217.0,67.0,0.0,0.0,0.0
2008-04-23,211.0,83.0,0.0,0.0,0.0
2008-04-24,217.0,67.0,53.0,0.0,0.0
2008-04-25,189.0,72.0,0.0,0.0,0.0
2008-04-26,217.0,111.0,3.0,0.0,0.0
2008-04-27,228.0,78.0,56.0,0.0,0.0
2008-04-28,172.0,50.0,28.0,0.0,0.0
2008-04-29,94.0,22.0,140.0,0.0,0.0
2008-04-30,100.0,-11.0,0.0,0.0,0.0
2008-05-01,83.0,-6.0,0.0,0.0,0.0
2008-05-02,128.0,28.0,15.0,0.0,0.0
2008-05-03,206.0,78.0,0.0,0.0,0.0
2008-05-04,161.0,94.0,175.0,0.0,0.0
2008-05-05,161.0,28.0,0.0,0.0,0.0
2008-05-06,183.0,39.0,0.0,0.0,0.0
2008-05-07,206.0,72.0,5.0,0.0,0.0
2008-05-08,233.0,128.0,43.0,0.0,0.0
2008-05-09,200.0,72.0,28.0,0.0,0.0
2008-05-10,83.0,33.0,102.0,0.0,0.0
2008-05-11,150.0,39.0,0.0,0.0,0.0
2008-05-12,156.0,33.0,48.0,0.0,0.0
2008-05-13,106.0,39.0,15.0,0.0,0.0
2008-05-14,194.0,67.0,0.0,0.0,0.0
2008-05-15,194.0,117.0,46.0,0.0,0.0
2008-05-16,172.0,67.0,66.0,0.0,0.0
2008-05-17,83.0,28.0,211.0,0.0,0.0
2008-05-18,156.0,33.0,84.0,0.0,0.0
2008-05-19,122.0,22.0,89.0,0.0,0.0
2008-05-20,94.0,28.0,10.0,0.0,0.0
2008-05-21,100.0,33.0,10.0,0.0,0.0
2008-05-22,133.0,33.0,53.0,0.0,0.0
2008-05-23,106.0,39.0,10.0,0.0,0.0
2008-05-24,156.0,44.0,0.0,0.0,0.0
2008-05-25,167.0,50.0,0.0,0.0,0.0
2008-05-26,211.0,100.0,0.0,0.0,0.0
2008-05-27,244.0,122.0,0.0,0.0,0.0
2008-05-28,244.0,39.0,183.0,0.0,0.0
2008-05-29,144.0,44.0,0.0,0.0,0.0
2008-05-30,217.0,78.0,0.0,0.0,0.0
2008-05-31,222.0,78.0,0.0,0.0,0.0
2008-06-01,250.0,139.0,36.0,0.0,0.0
2008-06-02,211.0,67.0,0.0,0.0,0.0
2008-06-03,228.0,111.0,0.0,0.0,0.0
2008-06-04,239.0,144.0,130.0,0.0,0.0
2008-06-05,183.0,144.0,13.0,0.0,0.0
2008-06-06,233.0,156.0,0.0,0.0,0.0
2008-06-07,267.0,172.0,0.0,0.0,0.0
2008-06-08,311.0,211.0,0.0,0.0,0.0
2008-06-09,306.0,194.0,89.0,0.0,0.0
2008-06-10,311.0,206.0,0.0,0.0,0.0
2008-06-11,294.0,189.0,13.0,0.0,0.0
2008-06-12,278.0,133.0,0.0,0.0,0.0
2008-06-13,256.0,156.0,0.0,0.0,0.0
2008-06-14,267.0,189.0,5.0,0.0,0.0
2008-06-15,256.0,167.0,86.0,0.0,0.0
2008-06-16,250.0,156.0,33.0,0.0,0.0
2008-06-17,244.0,117.0,127.0,0.0,0.0
2008-06-18,167.0,100.0,36.0,0.0,0.0
2008-06-19,144.0,67.0,33.0,0.0,0.0
2008-06-20,172.0,83.0,0.0,0.0,0.0
2008-06-21,200.0,106.0,10.0,0.0,0.0
2008-06-22,233.0,133.0,239.0,0.0,0.0
2008-06-23,233.0,133.0,114.0,0.0,0.0
2008-06-24,233.0,122.0,18.0,0.0,0.0
2008-06-25,222.0,117.0,0.0,0.0,0.0
2008-06-26,239.0,139.0,38.0,0.0,0.0
2008-06-27,250.0,161.0,10.0,0.0,0.0
2008-06-28,233.0,172.0,5.0,0.0,0.0
2008-06-29,256.0,172.0,36.0,0.0,0.0
2008-06-30,244.0,156.0,312.0,0.0,0.0
2008-07-01,233.0,139.0,5.0,0.0,0.0
2008-07-02,206.0,122.0,0.0,0.0,0.0
2008-07-03,239.0,167.0,0.0,0.0,0.0
2008-07-04,233.0,139.0,107.0,0.0,0.0
2008-07-05,206.0,128.0,0.0,0.0,0.0
2008-07-06,233.0,133.0,10.0,0.0,0.0
2008-07-07,256.0,156.0,0.0,0.0,0.0
2008-07-08,256.0,178.0,0.0,0.0,0.0
2008-07-09,267.0,194.0,0.0,0.0,0.0
2008-07-10,239.0,133.0,23.0,0.0,0.0
2008-07-11,233.0,128.0,0.0,0.0,0.0
2008-07-12,244.0,178.0,0.0,0.0,0.0
2008-07-13,278.0,183.0,5.0,0.0,0.0
2008-07-14,261.0,156.0,371.0,0.0,0.0
2008-07-15,244.0,133.0,0.0,0.0,0.0
2008-07-16,250.0,144.0,0.0,0.0,0.0
2008-07-17,272.0,167.0,0.0,0.0,0.0
2008-07-18,261.0,172.0,86.0,0.0,0.0
2008-07-19,283.0,189.0,0.0,0.0,0.0
2008-07-20,283.0,200.0,0.0,0.0,0.0
2008-07-21,283.0,183.0,254.0,0.0,0.0
2008-07-22,267.0,172.0,46.0,0.0,0.0
2008-07-23,256.0,172.0,117.0,0.0,0.0
2008-07-24,189.0,156.0,411.0,0.0,0.0
2008-07-25,211.0,122.0,0.0,0.0,0.0
2008-07-26,244.0,156.0,0.0,0.0,0.0
2008-07-27,256.0,183.0,518.0,0.0,0.0
2008-07-28,250.0,144.0,0.0,0.0,0.0
2008-07-29,256.0,156.0,0.0,0.0,0.0
2008-07-30,256.0,156.0,0.0,0.0,0.0
2008-07-31,,,0.0,0.0,0.0
2008-08-01,267.0,167.0,0.0,0.0,0.0
2008-08-02,261.0,144.0,18.0,0.0,0.0
2008-08-03,250.0,139.0,10.0,0.0,0.0
2008-08-04,222.0,133.0,0.0,0.0,0.0
2008-08-05,244.0,144.0,0.0,0.0,0.0
2008-08-06,244.0,150.0,145.0,0.0,0.0
2008-08-07,261.0,144.0,0.0,0.0,0.0
2008-08-08,222.0,122.0,91.0,0.0,0.0
2008-08-09,217.0,122.0,0.0,0.0,0.0
2008-08-10,217.0,122.0,0.0,0.0,0.0
2008-08-11,217.0,106.0,56.0,0.0,0.0
2008-08-12,189.0,106.0,46.0,0.0,0.0
2008-08-13,217.0,111.0,5.0,0.0,0.0
2008-08-14,228.0,111.0,0.0,0.0,0.0
2008-08-15,233.0,111.0,10.0,0.0,0.0
2008-08-16,217.0,111.0,107.0,0.0,0.0
2008-08-17,222.0,122.0,0.0,0.0,0.0
2008-08-18,244.0,133.0,0.0,0.0,0.0
2008-08-19,256.0,133.0,0.0,0.0,0.0
2008-08-20,194.0,67.0,0.0,0.0,0.0
2008-08-21,206.0,78.0,0.0,0.0,0.0
2008-08-22,244.0,94.0,0.0,0.0,0.0
2008-08-23,261.0,144.0,0.0,0.0,0.0
2008-08-24,233.0,150.0,0.0,0.0,0.0
2008-08-25,267.0,172.0,30.0,0.0,0.0
2008-08-26,217.0,83.0,0.0,0.0,0.0
2008-08-27,222.0,78.0,0.0,0.0,0.0
2008-08-28,222.0,78.0,0.0,0.0,0.0
2008-08-29,172.0,139.0,30.0,0.0,0.0
2008-08-30,183.0,150.0,64.0,0.0,0.0
2008-08-31,239.0,106.0,0.0,0.0,0.0
2008-09-01,233.0,100.0,0.0,0.0,0.0
2008-09-02,239.0,106.0,0.0,0.0,0.0
2008-09-03,267.0,139.0,0.0,0.0,0.0
2008-09-04,278.0,144.0,0.0,0.0,0.0
2008-09-05,283.0,144.0,0.0,0.0,0.0
2008-09-06,283.0,161.0,43.0,0.0,0.0
2008-09-07,206.0,106.0,155.0,0.0,0.0
2008-09-08,222.0,106.0,0.0,0.0,0.0
2008-09-09,222.0,106.0,168.0,0.0,0.0
2008-09-10,183.0,83.0,97.0,0.0,0.0
2008-09-11,172.0,83.0,0.0,0.0,0.0
2008-09-12,183.0,111.0,5.0,0.0,0.0
2008-09-13,183.0,150.0,114.0,0.0,0.0
2008-09-14,217.0,178.0,46.0,0.0,0.0
2008-09-15,256.0,172.0,0.0,0.0,0.0
2008-09-16,222.0,94.0,0.0,0.0,0.0
2008-09-17,150.0,67.0,0.0,0.0,0.0
2008-09-18,200.0,72.0,0.0,0.0,0.0
2008-09-19,172.0,33.0,0.0,0.0,0.0
2008-09-20,167.0,33.0,0.0,0.0,0.0
2008-09-21,178.0,61.0,0.0,0.0,0.0
2008-09-22,222.0,111.0,51.0,0.0,0.0
2008-09-23,178.0,61.0,0.0,0.0,0.0
2008-09-24,189.0,61.0,0.0,0.0,0.0
2008-09-25,217.0,78.0,0.0,0.0,0.0
2008-09-26,183.0,89.0,23.0,0.0,0.0
2008-09-27,150.0,106.0,249.0,0.0,0.0
2008-09-28,189.0,144.0,244.0,0.0,0.0
2008-09-29,178.0,117.0,165.0,0.0,0.0
2008-09-30,144.0,72.0,0.0,0.0,0.0
2008-10-01,167.0,83.0,48.0,0.0,0.0
2008-10-02,139.0,56.0,43.0,0.0,0.0
2008-10-03,106.0,56.0,8.0,0.0,0.0
2008-10-04,117.0,17.0,3.0,0.0,0.0
2008-10-05,133.0,33.0,0.0,0.0,0.0
2008-10-06,139.0,33.0,0.0,0.0,0.0
2008-10-07,117.0,-6.0,0.0,0.0,0.0
2008-10-08,139.0,0.0,0.0,0.0,0.0
2008-10-09,133.0,67.0,13.0,0.0,0.0
2008-10-10,194.0,72.0,0.0,0.0,0.0
2008-10-11,189.0,67.0,0.0,0.0,0.0
2008-10-12,194.0,72.0,0.0,0.0,0.0
2008-10-13,211.0,83.0,0.0,0.0,0.0
2008-10-14,222.0,106.0,0.0,0.0,0.0
2008-10-15,222.0,83.0,0.0,0.0,0.0
2008-10-16,194.0,78.0,0.0,0.0,0.0
2008-10-17,178.0,56.0,8.0,0.0,0.0
2008-10-18,100.0,-6.0,0.0,0.0,0.0
2008-10-19,78.0,-17.0,0.0,0.0,0.0
2008-10-20,89.0,-17.0,0.0,0.0,0.0
2008-10-21,133.0,0.0,0.0,0.0,0.0
2008-10-22,94.0,6.0,8.0,0.0,0.0
2008-10-23,44.0,-22.0,3.0,0.0,0.0
2008-10-24,106.0,-22.0,0.0,0.0,0.0
2008-10-25,94.0,6.0,51.0,0.0,0.0
2008-10-26,139.0,28.0,599.0,0.0,0.0
2008-10-27,111.0,28.0,0.0,0.0,0.0
2008-10-29,78.0,-39.0,,127.0,
2008-10-30,11.0,-22.0,3.0,102.0,0.0
2008-10-31,56.0,-11.0,0.0,76.0,0.0
2008-11-01,128.0,11.0,0.0,25.0,0.0
2008-11-02,117.0,-22.0,0.0,0.0,0.0
2008-11-03,83.0,-22.0,5.0,0.0,0.0
2008-11-04,106.0,39.0,0.0,0.0,0.0
2008-11-05,117.0,83.0,3.0,0.0,0.0
2008-11-06,156.0,89.0,0.0,0.0,0.0
2008-11-07,161.0,106.0,5.0,0.0,0.0
2008-11-08,144.0,111.0,5.0,0.0,0.0
2008-11-09,117.0,17.0,20.0,0.0,0.0
2008-11-10,56.0,0.0,0.0,0.0,0.0
2008-11-11,28.0,-17.0,3.0,0.0,0.0
2008-11-12,22.0,-17.0,0.0,0.0,0.0
2008-11-13,61.0,-11.0,10.0,0.0,0.0
2008-11-14,83.0,28.0,51.0,0.0,0.0
2008-11-15,100.0,67.0,25.0,0.0,0.0
2008-11-16,161.0,17.0,302.0,0.0,0.0
2008-11-17,22.0,-22.0,13.0,0.0,0.0
2008-11-18,11.0,-67.0,5.0,0.0,0.0
2008-11-19,-28.0,-100.0,10.0,25.0,25.0
2008-11-20,-33.0,-100.0,8.0,25.0,13.0
2008-11-21,-22.0,-72.0,10.0,25.0,25.0
2008-11-22,-44.0,-117.0,3.0,25.0,0.0
2008-11-23,-50.0,-111.0,13.0,25.0,13.0
2008-11-24,-28.0,-111.0,3.0,0.0,0.0
2008-11-25,17.0,-44.0,114.0,102.0,102.0
2008-11-26,0.0,-28.0,51.0,152.0,51.0
2008-11-27,-6.0,-28.0,3.0,127.0,3.0
2008-11-28,6.0,-28.0,0.0,102.0,0.0
2008-11-29,11.0,-28.0,0.0,76.0,0.0
2008-11-30,11.0,-56.0,3.0,51.0,0.0
2008-12-01,50.0,-22.0,114.0,25.0,0.0
2008-12-02,50.0,-22.0,8.0,25.0,0.0
2008-12-03,6.0,-72.0,0.0,25.0,0.0
2008-12-04,17.0,-72.0,0.0,0.0,0.0
2008-12-05,17.0,-56.0,18.0,0.0,0.0
2008-12-06,-44.0,-117.0,3.0,0.0,0.0
2008-12-07,-56.0,-117.0,20.0,25.0,25.0
2008-12-08,-56.0,-144.0,3.0,25.0,0.0
2008-12-09,-39.0,-128.0,0.0,25.0,0.0
2008-12-10,94.0,-39.0,213.0,0.0,0.0
2008-12-11,100.0,-44.0,142.0,0.0,0.0
2008-12-12,0.0,-33.0,264.0,0.0,0.0
2008-12-13,0.0,-89.0,13.0,25.0,13.0
2008-12-14,-39.0,-89.0,5.0,25.0,0.0
2008-12-15,61.0,-44.0,0.0,0.0,0.0
2008-12-16,111.0,-33.0,46.0,0.0,0.0
2008-12-17,-17.0,-56.0,48.0,25.0,25.0
2008-12-18,0.0,-44.0,5.0,0.0,0.0
2008-12-19,-17.0,-56.0,0.0,0.0,0.0
2008-12-20,-11.0,-100.0,211.0,152.0,203.0
2008-12-21,-50.0,-111.0,30.0,178.0,38.0
2008-12-22,-28.0,-189.0,36.0,203.0,51.0
2008-12-23,-83.0,-189.0,0.0,152.0,0.0
2008-12-24,-22.0,-156.0,61.0,152.0,0.0
2008-12-25,61.0,-28.0,203.0,76.0,0.0
2008-12-26,-17.0,-89.0,0.0,76.0,0.0
2008-12-27,0.0,-67.0,13.0,51.0,0.0
2008-12-28,83.0,-6.0,0.0,25.0,0.0
2008-12-29,106.0,-28.0,8.0,0.0,0.0
2008-12-30,22.0,-33.0,0.0,0.0,0.0
2008-12-31,0.0,-39.0,3.0,0.0,0.0
2009-01-01,-33.0,-161.0,20.0,25.0,76.0
2009-01-02,-61.0,-161.0,0.0,25.0,0.0
2009-01-03,-11.0,-72.0,3.0,0.0,0.0
2009-01-04,-28.0,-117.0,0.0,0.0,0.0
2009-01-05,17.0,-106.0,3.0,0.0,0.0
2009-01-06,22.0,-72.0,0.0,0.0,0.0
2009-01-07,0.0,-72.0,114.0,25.0,13.0
2009-01-08,22.0,-72.0,107.0,25.0,13.0
2009-01-09,-44.0,-100.0,13.0,51.0,25.0
2009-01-10,-56.0,-106.0,13.0,76.0,51.0
2009-01-11,-33.0,-89.0,132.0,178.0,152.0
2009-01-12,-72.0,-117.0,5.0,152.0,13.0
2009-01-13,-56.0,-106.0,0.0,152.0,0.0
2009-01-14,-22.0,-167.0,41.0,229.0,76.0
2009-01-15,-122.0,-167.0,30.0,254.0,51.0
2009-01-16,-117.0,-217.0,3.0,203.0,0.0
2009-01-17,-156.0,-228.0,0.0,203.0,0.0
2009-01-18,-100.0,-217.0,20.0,229.0,25.0
2009-01-19,-61.0,-100.0,13.0,229.0,25.0
2009-01-20,-61.0,-161.0,0.0,203.0,0.0
2009-01-21,-78.0,-150.0,3.0,178.0,0.0
2009-01-22,-89.0,-161.0,0.0,152.0,0.0
2009-01-23,-17.0,-100.0,0.0,152.0,0.0
2009-01-24,44.0,-56.0,0.0,127.0,0.0
2009-01-25,-56.0,-172.0,3.0,127.0,0.0
2009-01-26,-111.0,-172.0,8.0,127.0,8.0
2009-01-27,-72.0,-150.0,5.0,127.0,5.0
2009-01-28,-61.0,-106.0,66.0,229.0,102.0
2009-01-29,0.0,-111.0,117.0,178.0,51.0
2009-01-30,-61.0,-111.0,3.0,178.0,0.0
2009-01-31,-33.0,-144.0,20.0,203.0,76.0
2009-02-01,-56.0,-144.0,0.0,203.0,0.0
2009-02-02,56.0,-56.0,0.0,152.0,0.0
2009-02-03,17.0,-61.0,48.0,229.0,76.0
2009-02-04,-22.0,-139.0,0.0,203.0,0.0
2009-02-05,-72.0,-172.0,3.0,203.0,0.0
2009-02-06,-111.0,-178.0,0.0,203.0,0.0
2009-02-07,-17.0,-122.0,0.0,203.0,0.0
2009-02-08,72.0,-17.0,0.0,127.0,0.0
2009-02-09,72.0,-50.0,0.0,76.0,0.0
2009-02-10,33.0,-50.0,0.0,76.0,0.0
2009-02-11,78.0,28.0,5.0,51.0,0.0
2009-02-12,133.0,17.0,76.0,0.0,0.0
2009-02-13,33.0,-6.0,5.0,0.0,0.0
2009-02-14,6.0,-83.0,5.0,0.0,0.0
2009-02-15,-17.0,-106.0,15.0,25.0,25.0
2009-02-16,-11.0,-100.0,0.0,0.0,0.0
2009-02-17,-39.0,-111.0,3.0,0.0,0.0
2009-02-18,0.0,-106.0,0.0,0.0,0.0
2009-02-19,6.0,-39.0,104.0,76.0,102.0
2009-02-20,6.0,-128.0,25.0,76.0,38.0
2009-02-21,-56.0,-122.0,0.0,76.0,0.0
2009-02-22,-11.0,-106.0,3.0,51.0,0.0
2009-02-23,-17.0,-89.0,8.0,51.0,25.0
2009-02-24,-50.0,-133.0,0.0,51.0,0.0
2009-02-25,-39.0,-133.0,0.0,51.0,0.0
2009-02-26,28.0,-89.0,3.0,51.0,0.0
2009-02-27,83.0,0.0,0.0,0.0,0.0
2009-02-28,83.0,-94.0,157.0,0.0,0.0
2009-03-01,-33.0,-94.0,3.0,0.0,0.0
2009-03-02,-6.0,-111.0,0.0,0.0,0.0
2009-03-03,-106.0,-161.0,8.0,0.0,10.0
2009-03-04,-78.0,-156.0,0.0,0.0,0.0
2009-03-05,-17.0,-139.0,0.0,0.0,0.0
2009-03-06,56.0,-78.0,0.0,0.0,0.0
2009-03-07,128.0,28.0,0.0,0.0,0.0
2009-03-08,156.0,56.0,0.0,0.0,0.0
2009-03-09,94.0,44.0,211.0,0.0,0.0
2009-03-10,67.0,-22.0,3.0,0.0,0.0
2009-03-11,28.0,-22.0,3.0,0.0,0.0
2009-03-12,139.0,-61.0,0.0,0.0,0.0
2009-03-13,-22.0,-94.0,0.0,0.0,0.0
2009-03-14,17.0,-100.0,0.0,0.0,0.0
2009-03-15,78.0,-44.0,0.0,0.0,0.0
2009-03-16,128.0,-6.0,0.0,0.0,0.0
2009-03-17,111.0,-11.0,0.0,0.0,0.0
2009-03-18,117.0,0.0,0.0,0.0,0.0
2009-03-19,161.0,6.0,5.0,0.0,0.0
2009-03-20,78.0,-44.0,0.0,0.0,0.0
2009-03-21,17.0,-94.0,0.0,0.0,0.0
2009-03-22,72.0,-94.0,0.0,0.0,0.0
2009-03-23,61.0,-83.0,0.0,0.0,0.0
2009-03-24,-11.0,-94.0,0.0,0.0,0.0
2009-03-25,39.0,-94.0,0.0,0.0,0.0
2009-03-26,89.0,-17.0,0.0,0.0,0.0
2009-03-27,33.0,11.0,46.0,0.0,0.0
2009-03-28,128.0,11.0,0.0,0.0,0.0
2009-03-29,144.0,61.0,20.0,0.0,0.0
2009-03-30,106.0,6.0,28.0,0.0,0.0
2009-03-31,39.0,-17.0,0.0,0.0,0.0
2009-04-01,133.0,-17.0,0.0,0.0,0.0
2009-04-02,61.0,17.0,51.0,0.0,0.0
2009-04-03,167.0,17.0,23.0,0.0,0.0
2009-04-04,122.0,17.0,386.0,0.0,0.0
2009-04-05,56.0,17.0,0.0,0.0,0.0
2009-04-06,150.0,22.0,46.0,0.0,0.0
2009-04-07,83.0,-39.0,61.0,0.0,0.0
2009-04-08,11.0,-39.0,10.0,0.0,0.0
2009-04-09,44.0,-33.0,5.0,0.0,0.0
2009-04-10,122.0,6.0,0.0,0.0,0.0
2009-04-11,111.0,17.0,41.0,0.0,0.0
2009-04-12,72.0,-39.0,0.0,0.0,0.0
2009-04-13,39.0,-44.0,0.0,0.0,0.0
2009-04-14,94.0,-44.0,0.0,0.0,0.0
2009-04-15,89.0,28.0,107.0,0.0,0.0
2009-04-16,133.0,6.0,5.0,0.0,0.0
2009-04-17,150.0,11.0,0.0,0.0,0.0
2009-04-18,189.0,22.0,0.0,0.0,0.0
2009-04-19,222.0,22.0,0.0,0.0,0.0
2009-04-20,161.0,22.0,15.0,0.0,0.0
2009-04-21,56.0,22.0,145.0,0.0,0.0
2009-04-22,144.0,17.0,46.0,0.0,0.0
2009-04-23,89.0,6.0,15.0,0.0,0.0
2009-04-24,106.0,11.0,0.0,0.0,0.0
2009-04-25,211.0,50.0,0.0,0.0,0.0
2009-04-26,278.0,139.0,0.0,0.0,0.0
2009-04-27,289.0,167.0,0.0,0.0,0.0
2009-04-28,300.0,189.0,0.0,0.0,0.0
2009-04-29,278.0,28.0,23.0,0.0,0.0
2009-04-30,178.0,39.0,0.0,0.0,0.0
2009-05-01,139.0,39.0,48.0,0.0,0.0
2009-05-02,172.0,61.0,56.0,0.0,0.0
2009-05-03,144.0,61.0,0.0,0.0,0.0
2009-05-04,128.0,72.0,5.0,0.0,0.0
2009-05-05,106.0,72.0,94.0,0.0,0.0
2009-05-06,122.0,83.0,61.0,0.0,0.0
2009-05-07,133.0,83.0,112.0,0.0,0.0
2009-05-08,178.0,111.0,0.0,0.0,0.0
2009-05-09,206.0,117.0,66.0,0.0,0.0
2009-05-10,228.0,67.0,0.0,0.0,0.0
2009-05-11,144.0,22.0,0.0,0.0,0.0
2009-05-12,133.0,28.0,0.0,0.0,0.0
2009-05-13,144.0,39.0,0.0,0.0,0.0
2009-05-14,178.0,78.0,18.0,0.0,0.0
2009-05-15,156.0,94.0,203.0,0.0,0.0
2009-05-16,222.0,106.0,0.0,0.0,0.0
2009-05-17,222.0,50.0,218.0,0.0,0.0
2009-05-18,117.0,11.0,0.0,0.0,0.0
2009-05-19,111.0,6.0,0.0,0.0,0.0
2009-05-20,189.0,28.0,0.0,0.0,0.0
2009-05-21,239.0,89.0,0.0,0.0,0.0
2009-05-22,261.0,117.0,0.0,0.0,0.0
2009-05-23,256.0,128.0,0.0,0.0,0.0
2009-05-24,217.0,150.0,0.0,0.0,0.0
2009-05-25,244.0,117.0,5.0,0.0,0.0
2009-05-26,217.0,67.0,0.0,0.0,0.0
2009-05-27,122.0,72.0,157.0,0.0,0.0
2009-05-28,150.0,83.0,15.0,0.0,0.0
2009-05-29,172.0,139.0,251.0,0.0,0.0
2009-05-30,211.0,106.0,15.0,0.0,0.0
2009-05-31,200.0,78.0,0.0,0.0,0.0
2009-06-01,189.0,28.0,0.0,0.0,0.0
2009-06-02,178.0,67.0,23.0,0.0,0.0
2009-06-03,167.0,100.0,10.0,0.0,0.0
2009-06-04,128.0,89.0,41.0,0.0,0.0
2009-06-05,178.0,89.0,0.0,0.0,0.0
2009-06-06,133.0,94.0,61.0,0.0,0.0
2009-06-07,228.0,117.0,0.0,0.0,0.0
2009-06-08,239.0,133.0,8.0,0.0,0.0
2009-06-09,239.0,133.0,13.0,0.0,0.0
2009-06-10,256.0,128.0,0.0,0.0,0.0
2009-06-11,228.0,122.0,13.0,0.0,0.0
2009-06-12,183.0,161.0,300.0,0.0,0.0
2009-06-13,217.0,128.0,0.0,0.0,0.0
2009-06-14,228.0,100.0,18.0,0.0,0.0
2009-06-15,222.0,111.0,15.0,0.0,0.0
2009-06-16,233.0,100.0,3.0,0.0,0.0
2009-06-17,189.0,117.0,0.0,0.0,0.0
2009-06-18,150.0,111.0,206.0,0.0,0.0
2009-06-19,189.0,111.0,69.0,0.0,0.0
2009-06-20,211.0,128.0,10.0,0.0,0.0
2009-06-21,200.0,133.0,157.0,0.0,0.0
2009-06-22,200.0,139.0,5.0,0.0,0.0
2009-06-23,233.0,122.0,0.0,0.0,0.0
2009-06-24,228.0,139.0,0.0,0.0,0.0
2009-06-25,272.0,150.0,0.0,0.0,0.0
2009-06-26,289.0,161.0,8.0,0.0,0.0
2009-06-27,289.0,133.0,97.0,0.0,0.0
2009-06-28,217.0,133.0,3.0,0.0,0.0
2009-06-29,233.0,128.0,23.0,0.0,0.0
2009-06-30,239.0,139.0,64.0,0.0,0.0
2009-07-01,206.0,133.0,168.0,0.0,0.0
2009-07-02,228.0,139.0,71.0,0.0,0.0
2009-07-03,228.0,139.0,25.0,0.0,0.0
2009-07-04,211.0,133.0,51.0,0.0,0.0
2009-07-05,217.0,94.0,0.0,0.0,0.0
2009-07-06,222.0,111.0,0.0,0.0,0.0
2009-07-07,239.0,122.0,0.0,0.0,0.0
2009-07-08,228.0,89.0,46.0,0.0,0.0
2009-07-09,189.0,94.0,0.0,0.0,0.0
2009-07-10,228.0,133.0,0.0,0.0,0.0
2009-07-11,233.0,144.0,0.0,0.0,0.0
2009-07-12,206.0,122.0,86.0,0.0,0.0
2009-07-13,222.0,117.0,0.0,0.0,0.0
2009-07-14,217.0,100.0,0.0,0.0,0.0
2009-07-15,217.0,106.0,0.0,0.0,0.0
2009-07-16,233.0,117.0,13.0,0.0,0.0
2009-07-17,272.0,139.0,15.0,0.0,0.0
2009-07-18,222.0,133.0,36.0,0.0,0.0
2009-07-19,217.0,111.0,0.0,0.0,0.0
2009-07-20,228.0,111.0,0.0,0.0,0.0
2009-07-21,233.0,133.0,0.0,0.0,0.0
2009-07-22,217.0,144.0,8.0,0.0,0.0
2009-07-23,228.0,167.0,76.0,0.0,0.0
2009-07-24,222.0,156.0,150.0,0.0,0.0
2009-07-25,233.0,133.0,25.0,0.0,0.0
2009-07-26,244.0,150.0,5.0,0.0,0.0
2009-07-27,217.0,172.0,124.0,0.0,0.0
2009-07-28,250.0,156.0,0.0,0.0,0.0
2009-07-29,261.0,172.0,0.0,0.0,0.0
2009-07-30,233.0,172.0,838.0,0.0,0.0
2009-07-31,244.0,172.0,30.0,0.0,0.0
2009-08-01,194.0,128.0,378.0,0.0,0.0
2009-08-02,250.0,144.0,18.0,0.0,0.0
2009-08-03,228.0,128.0,66.0,0.0,0.0
2009-08-04,233.0,150.0,0.0,0.0,0.0
2009-08-05,250.0,167.0,0.0,0.0,0.0
2009-08-06,239.0,106.0,0.0,0.0,0.0
2009-08-07,222.0,117.0,0.0,0.0,0.0
2009-08-08,217.0,100.0,0.0,0.0,0.0
2009-08-09,217.0,106.0,168.0,0.0,0.0
2009-08-10,217.0,167.0,142.0,0.0,0.0
2009-08-11,294.0,183.0,0.0,0.0,0.0
2009-08-12,256.0,172.0,124.0,0.0,0.0
2009-08-13,250.0,156.0,69.0,0.0,0.0
2009-08-14,256.0,167.0,18.0,0.0,0.0
2009-08-15,256.0,172.0,0.0,0.0,0.0
2009-08-16,272.0,172.0,0.0,0.0,0.0
2009-08-17,278.0,189.0,0.0,0.0,0.0
2009-08-18,289.0,183.0,0.0,0.0,0.0
2009-08-19,267.0,189.0,145.0,0.0,0.0
2009-08-20,261.0,178.0,69.0,0.0,0.0
2009-08-21,239.0,183.0,0.0,0.0,0.0
2009-08-22,233.0,183.0,46.0,0.0,0.0
2009-08-23,244.0,172.0,0.0,0.0,0.0
2009-08-24,228.0,144.0,0.0,0.0,0.0
2009-08-25,222.0,139.0,0.0,0.0,0.0
2009-08-26,239.0,144.0,0.0,0.0,0.0
2009-08-27,250.0,144.0,20.0,0.0,0.0
2009-08-28,217.0,133.0,8.0,0.0,0.0
2009-08-29,178.0,133.0,345.0,0.0,0.0
2009-08-30,233.0,133.0,81.0,0.0,0.0
2009-08-31,200.0,94.0,0.0,0.0,0.0
2009-09-01,161.0,56.0,3.0,0.0,0.0
2009-09-02,183.0,56.0,0.0,0.0,0.0
2009-09-03,222.0,89.0,0.0,0.0,0.0
2009-09-04,228.0,106.0,0.0,0.0,0.0
2009-09-05,228.0,117.0,0.0,0.0,0.0
2009-09-06,222.0,111.0,0.0,0.0,0.0
2009-09-07,222.0,128.0,0.0,0.0,0.0
2009-09-08,178.0,122.0,0.0,0.0,0.0
2009-09-09,222.0,128.0,0.0,0.0,0.0
2009-09-10,217.0,106.0,0.0,0.0,0.0
2009-09-11,183.0,94.0,8.0,0.0,0.0
2009-09-12,133.0,94.0,168.0,0.0,0.0
2009-09-13,167.0,128.0,25.0,0.0,0.0
2009-09-14,217.0,111.0,0.0,0.0,0.0
2009-09-15,200.0,111.0,0.0,0.0,0.0
2009-09-16,211.0,83.0,0.0,0.0,0.0
2009-09-17,167.0,83.0,170.0,0.0,0.0
2009-09-18,139.0,100.0,5.0,0.0,0.0
2009-09-19,194.0,50.0,0.0,0.0,0.0
2009-09-20,161.0,44.0,0.0,0.0,0.0
2009-09-21,189.0,44.0,0.0,0.0,0.0
2009-09-22,200.0,106.0,0.0,0.0,0.0
2009-09-23,183.0,161.0,0.0,0.0,0.0
2009-09-24,233.0,167.0,8.0,0.0,0.0
2009-09-25,211.0,100.0,0.0,0.0,0.0
2009-09-26,156.0,78.0,0.0,0.0,0.0
2009-09-27,128.0,72.0,173.0,0.0,0.0
2009-09-28,156.0,111.0,132.0,0.0,0.0
2009-09-29,156.0,78.0,112.0,0.0,0.0
2009-09-30,117.0,72.0,13.0,0.0,0.0
2009-10-01,89.0,44.0,8.0,0.0,0.0
2009-10-02,72.0,28.0,13.0,0.0,0.0
2009-10-03,139.0,28.0,132.0,0.0,0.0
2009-10-04,178.0,78.0,0.0,0.0,0.0
2009-10-05,150.0,50.0,0.0,0.0,0.0
2009-10-06,122.0,33.0,0.0,0.0,0.0
2009-10-07,133.0,33.0,94.0,0.0,0.0
2009-10-08,117.0,50.0,3.0,0.0,0.0
2009-10-09,139.0,50.0,13.0,0.0,0.0
2009-10-10,139.0,94.0,76.0,0.0,0.0
2009-10-11,133.0,22.0,0.0,0.0,0.0
2009-10-12,111.0,-6.0,0.0,0.0,0.0
2009-10-13,67.0,-6.0,8.0,0.0,0.0
2009-10-14,100.0,-6.0,5.0,0.0,0.0
2009-10-15,56.0,-11.0,0.0,0.0,0.0
2009-10-16,11.0,-11.0,122.0,76.0,102.0
2009-10-17,11.0,-11.0,46.0,51.0,25.0
2009-10-18,22.0,0.0,36.0,0.0,25.0
2009-10-19,78.0,-28.0,0.0,0.0,0.0
2009-10-20,100.0,-28.0,0.0,0.0,0.0
2009-10-21,150.0,44.0,0.0,0.0,0.0
2009-10-22,172.0,94.0,0.0,0.0,0.0
2009-10-23,178.0,61.0,0.0,0.0,0.0
2009-10-24,150.0,56.0,142.0,0.0,0.0
2009-10-25,167.0,56.0,434.0,0.0,0.0
2009-10-26,122.0,28.0,0.0,0.0,0.0
2009-10-27,139.0,17.0,0.0,0.0,0.0
2009-10-28,111.0,67.0,152.0,0.0,0.0
2009-10-29,122.0,89.0,150.0,0.0,0.0
2009-10-30,111.0,83.0,3.0,0.0,0.0
2009-10-31,117.0,78.0,8.0,0.0,0.0
2009-11-01,144.0,44.0,71.0,0.0,0.0
2009-11-02,83.0,-11.0,0.0,0.0,0.0
2009-11-03,94.0,-6.0,0.0,0.0,0.0
2009-11-04,100.0,-22.0,0.0,0.0,0.0
2009-11-05,56.0,-22.0,3.0,0.0,0.0
2009-11-06,56.0,-22.0,28.0,0.0,0.0
2009-11-07,17.0,-28.0,0.0,0.0,0.0
2009-11-08,89.0,-6.0,0.0,0.0,0.0
2009-11-09,167.0,56.0,0.0,0.0,0.0
2009-11-10,156.0,94.0,0.0,0.0,0.0
2009-11-11,111.0,22.0,0.0,0.0,0.0
2009-11-12,72.0,-6.0,0.0,0.0,0.0
2009-11-13,78.0,-6.0,0.0,0.0,0.0
2009-11-14,139.0,11.0,3.0,0.0,0.0
2009-11-15,111.0,56.0,3.0,0.0,0.0
2009-11-16,178.0,33.0,0.0,0.0,0.0
2009-11-17,83.0,17.0,0.0,0.0,0.0
2009-11-18,94.0,17.0,0.0,0.0,0.0
2009-11-19,100.0,28.0,0.0,0.0,0.0
2009-11-20,128.0,44.0,239.0,0.0,0.0
2009-11-21,78.0,28.0,0.0,0.0,0.0
2009-11-22,78.0,33.0,0.0,0.0,0.0
2009-11-23,61.0,6.0,0.0,0.0,0.0
2009-11-24,94.0,17.0,10.0,0.0,0.0
2009-11-25,89.0,56.0,23.0,0.0,0.0
2009-11-26,78.0,56.0,38.0,0.0,0.0
2009-11-27,89.0,0.0,102.0,0.0,0.0
2009-11-28,28.0,-6.0,43.0,0.0,25.0
2009-11-29,56.0,-6.0,0.0,0.0,0.0
2009-11-30,111.0,22.0,10.0,0.0,0.0
2009-12-01,83.0,-33.0,30.0,0.0,0.0
2009-12-02,33.0,-22.0,0.0,0.0,0.0
2009-12-03,122.0,17.0,180.0,0.0,0.0
2009-12-04,89.0,0.0,8.0,0.0,0.0
2009-12-05,28.0,-28.0,0.0,0.0,0.0
2009-12-06,-17.0,-72.0,56.0,76.0,102.0
2009-12-07,-22.0,-72.0,0.0,51.0,0.0
2009-12-08,-33.0,-67.0,3.0,51.0,0.0
2009-12-09,22.0,-39.0,259.0,152.0,152.0
2009-12-10,44.0,-39.0,36.0,76.0,0.0
2009-12-11,-39.0,-139.0,3.0,76.0,0.0
2009-12-12,-72.0,-133.0,0.0,76.0,0.0
2009-12-13,-17.0,-72.0,0.0,51.0,0.0
2009-12-14,17.0,-17.0,163.0,51.0,0.0
2009-12-15,39.0,0.0,0.0,25.0,0.0
2009-12-16,44.0,-61.0,10.0,25.0,0.0
2009-12-17,-44.0,-83.0,3.0,25.0,0.0
2009-12-18,-56.0,-133.0,0.0,25.0,0.0
2009-12-19,-33.0,-122.0,0.0,25.0,0.0
2009-12-20,-67.0,-94.0,5.0,25.0,13.0
2009-12-21,-33.0,-83.0,0.0,25.0,0.0
2009-12-22,-28.0,-56.0,3.0,25.0,0.0
2009-12-23,-17.0,-128.0,3.0,25.0,0.0
2009-12-24,-56.0,-128.0,0.0,25.0,0.0
2009-12-25,-11.0,-72.0,0.0,25.0,0.0
2009-12-26,33.0,-11.0,94.0,0.0,0.0
2009-12-27,61.0,-17.0,69.0,0.0,0.0
2009-12-28,22.0,-33.0,10.0,25.0,25.0
2009-12-29,-33.0,-122.0,3.0,0.0,0.0
2009-12-30,-100.0,-139.0,0.0,0.0,0.0
2009-12-31,-56.0,-117.0,20.0,25.0,25.0
2010-01-01,-22.0,-67.0,51.0,76.0,51.0
2010-01-02,0.0,-106.0,8.0,51.0,0.0
2010-01-03,-94.0,-139.0,5.0,51.0,0.0
2010-01-04,-106.0,-122.0,13.0,76.0,51.0
2010-01-05,-72.0,-111.0,10.0,102.0,51.0
2010-01-06,-67.0,-100.0,10.0,102.0,13.0
2010-01-07,-44.0,-72.0,3.0,102.0,0.0
2010-01-08,-28.0,-67.0,25.0,102.0,51.0
2010-01-09,-56.0,-128.0,18.0,152.0,102.0
2010-01-10,-89.0,-167.0,0.0,127.0,0.0
2010-01-11,-67.0,-156.0,0.0,102.0,0.0
2010-01-12,-50.0,-133.0,8.0,102.0,13.0
2010-01-13,-50.0,-106.0,3.0,102.0,0.0
2010-01-14,-28.0,-83.0,0.0,76.0,0.0
2010-01-15,17.0,-72.0,0.0,76.0,0.0
2010-01-16,28.0,-11.0,0.0,51.0,0.0
2010-01-17,50.0,-17.0,0.0,51.0,0.0
2010-01-18,39.0,0.0,203.0,51.0,0.0
2010-01-19,50.0,-6.0,3.0,25.0,0.0
2010-01-20,6.0,-33.0,3.0,25.0,0.0
2010-01-21,-17.0,-78.0,3.0,25.0,0.0
2010-01-22,17.0,-72.0,0.0,25.0,0.0
2010-01-23,6.0,-78.0,0.0,25.0,0.0
2010-01-24,28.0,-78.0,0.0,25.0,0.0
2010-01-25,117.0,-17.0,452.0,0.0,0.0
2010-01-26,117.0,-33.0,465.0,0.0,0.0
2010-01-27,-17.0,-56.0,3.0,0.0,0.0
2010-01-28,-28.0,-56.0,3.0,0.0,0.0
2010-01-29,-11.0,-150.0,10.0,0.0,25.0
2010-01-30,-106.0,-172.0,0.0,0.0,0.0
2010-01-31,-128.0,-178.0,0.0,0.0,0.0
2010-02-01,-61.0,-178.0,0.0,0.0,0.0
2010-02-02,-33.0,-94.0,3.0,0.0,0.0
2010-02-03,-39.0,-83.0,10.0,0.0,0.0
2010-02-04,-11.0,-72.0,3.0,0.0,0.0
2010-02-05,-6.0,-78.0,0.0,0.0,0.0
2010-02-06,-22.0,-83.0,5.0,0.0,0.0
2010-02-07,-56.0,-128.0,3.0,0.0,0.0
2010-02-08,-50.0,-117.0,3.0,0.0,0.0
2010-02-09,-11.0,-111.0,0.0,0.0,0.0
2010-02-10,-6.0,-72.0,20.0,51.0,51.0
2010-02-11,-28.0,-89.0,91.0,178.0,178.0
2010-02-12,-6.0,-117.0,0.0,152.0,0.0
2010-02-13,-22.0,-117.0,3.0,127.0,0.0
2010-02-14,-56.0,-117.0,3.0,127.0,0.0
2010-02-15,-17.0,-83.0,5.0,102.0,0.0
2010-02-16,-11.0,-83.0,20.0,127.0,25.0
2010-02-17,-33.0,-67.0,15.0,127.0,25.0
2010-02-18,-33.0,-67.0,33.0,178.0,76.0
2010-02-19,17.0,-33.0,3.0,127.0,0.0
2010-02-20,28.0,-50.0,0.0,76.0,0.0
2010-02-21,33.0,-61.0,0.0,76.0,0.0
2010-02-22,39.0,-78.0,0.0,51.0,0.0
2010-02-23,44.0,-72.0,25.0,76.0,25.0
2010-02-24,11.0,-28.0,28.0,76.0,13.0
2010-02-25,-11.0,-50.0,28.0,152.0,76.0
2010-02-26,-33.0,-89.0,310.0,381.0,305.0
2010-02-27,-44.0,-72.0,56.0,483.0,102.0
2010-02-28,-11.0,-50.0,46.0,432.0,76.0
2010-03-01,-6.0,-67.0,20.0,330.0,25.0
2010-03-02,11.0,-22.0,0.0,279.0,0.0
2010-03-03,17.0,-22.0,28.0,305.0,76.0
2010-03-04,0.0,-56.0,15.0,279.0,25.0
2010-03-05,6.0,-50.0,0.0,305.0,0.0
2010-03-06,17.0,-78.0,0.0,305.0,0.0
2010-03-07,56.0,-67.0,0.0,279.0,0.0
2010-03-08,94.0,-22.0,0.0,254.0,0.0
2010-03-09,111.0,-11.0,0.0,229.0,0.0
2010-03-10,117.0,-11.0,0.0,178.0,0.0
2010-03-11,117.0,28.0,3.0,127.0,0.0
2010-03-12,150.0,44.0,3.0,51.0,0.0
2010-03-13,67.0,17.0,30.0,25.0,0.0
2010-03-14,50.0,17.0,81.0,0.0,0.0
2010-03-15,56.0,17.0,28.0,0.0,0.0
2010-03-16,39.0,0.0,33.0,0.0,0.0
2010-03-17,122.0,6.0,0.0,0.0,0.0
2010-03-18,133.0,6.0,0.0,0.0,0.0
2010-03-19,156.0,11.0,0.0,0.0,0.0
2010-03-20,167.0,56.0,0.0,0.0,0.0
2010-03-21,178.0,39.0,0.0,0.0,0.0
2010-03-22,189.0,33.0,0.0,0.0,0.0
2010-03-23,139.0,83.0,183.0,0.0,0.0
2010-03-24,100.0,11.0,8.0,0.0,0.0
2010-03-25,117.0,11.0,0.0,0.0,0.0
2010-03-26,139.0,-56.0,99.0,25.0,25.0
2010-03-27,-17.0,-100.0,0.0,0.0,0.0
2010-03-28,56.0,-89.0,0.0,0.0,0.0
2010-03-29,72.0,-22.0,99.0,0.0,0.0
2010-03-30,117.0,6.0,8.0,0.0,0.0
2010-03-31,17.0,-6.0,147.0,51.0,102.0
2010-04-01,139.0,17.0,3.0,0.0,0.0
2010-04-02,211.0,17.0,0.0,0.0,0.0
2010-04-03,239.0,122.0,0.0,0.0,0.0
2010-04-04,228.0,100.0,0.0,0.0,0.0
2010-04-05,189.0,94.0,0.0,0.0,0.0
2010-04-06,244.0,111.0,5.0,0.0,0.0
2010-04-07,256.0,111.0,36.0,0.0,0.0
2010-04-08,267.0,122.0,0.0,0.0,0.0
2010-04-09,256.0,50.0,112.0,0.0,0.0
2010-04-10,72.0,-6.0,0.0,0.0,0.0
2010-04-11,133.0,-6.0,0.0,0.0,0.0
2010-04-12,161.0,28.0,0.0,0.0,0.0
2010-04-13,133.0,39.0,0.0,0.0,0.0
2010-04-14,111.0,6.0,0.0,0.0,0.0
2010-04-15,161.0,6.0,0.0,0.0,0.0
2010-04-16,206.0,50.0,10.0,0.0,0.0
2010-04-17,233.0,39.0,79.0,0.0,0.0
2010-04-18,50.0,-6.0,3.0,0.0,0.0
2010-04-19,94.0,-6.0,3.0,0.0,0.0
2010-04-20,128.0,22.0,0.0,0.0,0.0
2010-04-21,167.0,22.0,0.0,0.0,0.0
2010-04-22,172.0,50.0,5.0,0.0,0.0
2010-04-23,161.0,-6.0,5.0,0.0,0.0
2010-04-24,150.0,11.0,0.0,0.0,0.0
2010-04-25,167.0,56.0,142.0,0.0,0.0
2010-04-26,83.0,56.0,56.0,0.0,0.0
2010-04-27,100.0,44.0,178.0,0.0,0.0
2010-04-28,100.0,-6.0,8.0,0.0,0.0
2010-04-29,111.0,0.0,3.0,0.0,0.0
2010-04-30,172.0,11.0,0.0,0.0,0.0
2010-05-01,244.0,94.0,0.0,0.0,0.0
2010-05-02,272.0,172.0,0.0,0.0,0.0
2010-05-03,239.0,167.0,18.0,0.0,0.0
2010-05-04,239.0,106.0,18.0,0.0,0.0
2010-05-05,189.0,94.0,112.0,0.0,0.0
2010-05-06,228.0,106.0,18.0,0.0,0.0
2010-05-07,200.0,39.0,8.0,0.0,0.0
2010-05-08,172.0,50.0,145.0,0.0,0.0
2010-05-09,156.0,11.0,25.0,0.0,0.0
2010-05-10,56.0,-17.0,3.0,0.0,0.0
2010-05-11,106.0,-11.0,0.0,0.0,0.0
2010-05-12,94.0,-6.0,188.0,0.0,0.0
2010-05-13,89.0,-6.0,10.0,0.0,0.0
2010-05-14,156.0,33.0,13.0,0.0,0.0
2010-05-15,244.0,33.0,84.0,0.0,0.0
2010-05-16,189.0,67.0,0.0,0.0,0.0
2010-05-17,172.0,56.0,0.0,0.0,0.0
2010-05-18,178.0,78.0,3.0,0.0,0.0
2010-05-19,94.0,72.0,36.0,0.0,0.0
2010-05-20,144.0,78.0,10.0,0.0,0.0
2010-05-21,256.0,94.0,0.0,0.0,0.0
2010-05-22,261.0,128.0,0.0,0.0,0.0
2010-05-23,200.0,150.0,8.0,0.0,0.0
2010-05-24,200.0,111.0,10.0,0.0,0.0
2010-05-25,233.0,133.0,0.0,0.0,0.0
2010-05-26,272.0,150.0,0.0,0.0,0.0
2010-05-27,294.0,172.0,0.0,0.0,0.0
2010-05-28,289.0,161.0,0.0,0.0,0.0
2010-05-29,233.0,156.0,0.0,0.0,0.0
2010-05-30,250.0,122.0,3.0,0.0,0.0
2010-05-31,267.0,133.0,0.0,0.0,0.0
2010-06-01,283.0,172.0,46.0,0.0,0.0
2010-06-02,244.0,111.0,48.0,0.0,0.0
2010-06-03,256.0,139.0,0.0,0.0,0.0
2010-06-04,256.0,161.0,0.0,0.0,0.0
2010-06-05,261.0,178.0,91.0,0.0,0.0
2010-06-06,267.0,178.0,41.0,0.0,0.0
2010-06-07,239.0,67.0,132.0,0.0,0.0
2010-06-08,189.0,67.0,0.0,0.0,0.0
2010-06-09,183.0,89.0,0.0,0.0,0.0
2010-06-10,139.0,94.0,140.0,0.0,0.0
2010-06-11,222.0,100.0,0.0,0.0,0.0
2010-06-12,222.0,100.0,0.0,0.0,0.0
2010-06-13,267.0,172.0,0.0,0.0,0.0
2010-06-14,256.0,167.0,28.0,0.0,0.0
2010-06-15,222.0,133.0,3.0,0.0,0.0
2010-06-16,239.0,133.0,3.0,0.0,0.0
2010-06-17,200.0,144.0,114.0,0.0,0.0
2010-06-18,156.0,106.0,3.0,0.0,0.0
2010-06-19,250.0,139.0,0.0,0.0,0.0
2010-06-20,272.0,183.0,0.0,0.0,0.0
2010-06-21,272.0,156.0,0.0,0.0,0.0
2010-06-22,261.0,156.0,0.0,0.0,0.0
2010-06-23,261.0,172.0,51.0,0.0,0.0
2010-06-24,294.0,200.0,0.0,0.0,0.0
2010-06-25,256.0,139.0,64.0,0.0,0.0
2010-06-26,250.0,139.0,0.0,0.0,0.0
2010-06-27,256.0,167.0,28.0,0.0,0.0
2010-06-28,278.0,183.0,0.0,0.0,0.0
2010-06-29,278.0,178.0,10.0,0.0,0.0
2010-06-30,239.0,72.0,0.0,0.0,0.0
2010-07-01,200.0,89.0,0.0,0.0,0.0
2010-07-02,194.0,78.0,0.0,0.0,0.0
2010-07-03,228.0,106.0,0.0,0.0,0.0
2010-07-04,283.0,122.0,0.0,0.0,0.0
2010-07-05,300.0,178.0,0.0,0.0,0.0
2010-07-06,328.0,206.0,0.0,0.0,0.0
2010-07-07,317.0,206.0,0.0,0.0,0.0
2010-07-08,333.0,189.0,0.0,0.0,0.0
2010-07-09,339.0,206.0,0.0,0.0,0.0
2010-07-10,283.0,167.0,305.0,0.0,0.0
2010-07-11,267.0,139.0,10.0,0.0,0.0
2010-07-12,278.0,178.0,0.0,0.0,0.0
2010-07-13,272.0,178.0,86.0,0.0,0.0
2010-07-14,256.0,183.0,56.0,0.0,0.0
2010-07-15,256.0,178.0,20.0,0.0,0.0
2010-07-16,289.0,183.0,0.0,0.0,0.0
2010-07-17,278.0,178.0,0.0,0.0,0.0
2010-07-18,283.0,183.0,0.0,0.0,0.0
2010-07-19,289.0,189.0,155.0,0.0,0.0
2010-07-20,278.0,178.0,130.0,0.0,0.0
2010-07-21,256.0,183.0,10.0,0.0,0.0
2010-07-22,289.0,156.0,5.0,0.0,0.0
2010-07-23,278.0,167.0,0.0,0.0,0.0
2010-07-24,294.0,178.0,56.0,0.0,0.0
2010-07-25,300.0,194.0,0.0,0.0,0.0
2010-07-26,300.0,122.0,254.0,0.0,0.0
2010-07-27,256.0,139.0,0.0,0.0,0.0
2010-07-28,267.0,139.0,0.0,0.0,0.0
2010-07-29,283.0,194.0,25.0,0.0,0.0
2010-07-30,256.0,117.0,0.0,0.0,0.0
2010-07-31,233.0,111.0,0.0,0.0,0.0
2010-08-01,239.0,111.0,0.0,0.0,0.0
2010-08-02,222.0,161.0,64.0,0.0,0.0
2010-08-03,228.0,167.0,5.0,0.0,0.0
2010-08-04,233.0,194.0,10.0,0.0,0.0
2010-08-05,289.0,206.0,0.0,0.0,0.0
2010-08-06,283.0,172.0,8.0,0.0,0.0
2010-08-07,244.0,128.0,0.0,0.0,0.0
2010-08-08,244.0,128.0,0.0,0.0,0.0
2010-08-09,267.0,156.0,0.0,0.0,0.0
2010-08-10,289.0,183.0,0.0,0.0,0.0
2010-08-11,278.0,194.0,0.0,0.0,0.0
2010-08-12,289.0,194.0,0.0,0.0,0.0
2010-08-13,217.0,161.0,607.0,0.0,0.0
2010-08-14,228.0,156.0,0.0,0.0,0.0
2010-08-15,228.0,167.0,0.0,0.0,0.0
2010-08-16,211.0,167.0,221.0,0.0,0.0
2010-08-17,278.0,139.0,0.0,0.0,0.0
2010-08-18,278.0,139.0,0.0,0.0,0.0
2010-08-19,239.0,150.0,0.0,0.0,0.0
2010-08-20,261.0,156.0,0.0,0.0,0.0
2010-08-21,250.0,133.0,0.0,0.0,0.0
2010-08-22,244.0,161.0,168.0,0.0,0.0
2010-08-23,206.0,156.0,295.0,0.0,0.0
2010-08-24,189.0,133.0,71.0,0.0,0.0
2010-08-25,194.0,139.0,18.0,0.0,0.0
2010-08-26,194.0,144.0,0.0,0.0,0.0
2010-08-27,211.0,94.0,0.0,0.0,0.0
2010-08-28,217.0,94.0,0.0,0.0,0.0
2010-08-29,244.0,111.0,0.0,0.0,0.0
2010-08-30,283.0,144.0,0.0,0.0,0.0
2010-08-31,289.0,150.0,0.0,0.0,0.0
2010-09-01,289.0,178.0,0.0,0.0,0.0
2010-09-02,289.0,189.0,0.0,0.0,0.0
2010-09-03,289.0,189.0,0.0,0.0,0.0
2010-09-04,283.0,133.0,0.0,0.0,0.0
2010-09-05,161.0,83.0,13.0,0.0,0.0
2010-09-06,167.0,83.0,0.0,0.0,0.0
2010-09-07,217.0,94.0,0.0,0.0,0.0
2010-09-08,272.0,167.0,0.0,0.0,0.0
2010-09-09,211.0,106.0,0.0,0.0,0.0
2010-09-10,144.0,106.0,0.0,0.0,0.0
2010-09-11,156.0,67.0,5.0,0.0,0.0
2010-09-12,206.0,67.0,56.0,0.0,0.0
2010-09-13,139.0,106.0,15.0,0.0,0.0
2010-09-14,222.0,72.0,0.0,0.0,0.0
2010-09-15,183.0,61.0,0.0,0.0,0.0
2010-09-16,183.0,61.0,0.0,0.0,0.0
2010-09-17,161.0,106.0,38.0,0.0,0.0
2010-09-18,122.0,72.0,0.0,0.0,0.0
2010-09-19,189.0,72.0,5.0,0.0,0.0
2010-09-20,222.0,72.0,23.0,0.0,0.0
2010-09-21,167.0,50.0,0.0,0.0,0.0
2010-09-22,200.0,50.0,0.0,0.0,0.0
2010-09-23,256.0,133.0,46.0,0.0,0.0
2010-09-24,217.0,133.0,0.0,0.0,0.0
2010-09-25,272.0,183.0,0.0,0.0,0.0
2010-09-26,228.0,78.0,0.0,0.0,0.0
2010-09-27,172.0,83.0,64.0,0.0,0.0
2010-09-28,189.0,133.0,191.0,0.0,0.0
2010-09-29,228.0,100.0,310.0,0.0,0.0
2010-09-30,178.0,100.0,84.0,0.0,0.0
2010-10-01,217.0,111.0,973.0,0.0,0.0
2010-10-02,150.0,50.0,8.0,0.0,0.0
2010-10-03,139.0,28.0,0.0,0.0,0.0
2010-10-04,139.0,28.0,8.0,0.0,0.0
2010-10-05,67.0,56.0,157.0,0.0,0.0
2010-10-06,83.0,67.0,140.0,0.0,0.0
2010-10-07,106.0,78.0,163.0,0.0,0.0
2010-10-08,167.0,61.0,0.0,0.0,0.0
2010-10-09,194.0,67.0,0.0,0.0,0.0
2010-10-10,167.0,17.0,0.0,0.0,0.0
2010-10-11,178.0,22.0,0.0,0.0,0.0
2010-10-12,217.0,100.0,163.0,0.0,0.0
2010-10-13,156.0,11.0,0.0,0.0,0.0
2010-10-14,144.0,11.0,0.0,0.0,0.0
2010-10-15,89.0,28.0,36.0,0.0,0.0
2010-10-16,83.0,33.0,25.0,0.0,0.0
2010-10-17,117.0,39.0,0.0,0.0,0.0
2010-10-18,161.0,39.0,0.0,0.0,0.0
2010-10-19,100.0,44.0,0.0,0.0,0.0
2010-10-20,111.0,28.0,0.0,0.0,0.0
2010-10-21,117.0,28.0,3.0,0.0,0.0
2010-10-22,94.0,11.0,0.0,0.0,0.0
2010-10-23,94.0,6.0,0.0,0.0,0.0
2010-10-24,144.0,28.0,8.0,0.0,0.0
2010-10-25,167.0,128.0,0.0,0.0,0.0
2010-10-26,194.0,122.0,36.0,0.0,0.0
2010-10-27,183.0,122.0,236.0,0.0,0.0
2010-10-28,183.0,100.0,0.0,0.0,0.0
2010-10-29,183.0,39.0,8.0,0.0,0.0
2010-10-30,89.0,-11.0,8.0,0.0,0.0
2010-10-31,78.0,-11.0,0.0,0.0,0.0
2010-11-01,56.0,-17.0,8.0,0.0,0.0
2010-11-02,11.0,-33.0,0.0,0.0,0.0
2010-11-03,61.0,-33.0,0.0,0.0,0.0
2010-11-04,78.0,-17.0,10.0,0.0,0.0
2010-11-05,50.0,28.0,137.0,0.0,0.0
2010-11-06,50.0,-6.0,30.0,0.0,0.0
2010-11-07,39.0,-44.0,3.0,0.0,0.0
2010-11-08,33.0,-39.0,0.0,0.0,0.0
2010-11-09,56.0,6.0,0.0,0.0,0.0
2010-11-10,44.0,17.0,5.0,0.0,0.0
2010-11-11,111.0,-6.0,0.0,0.0,0.0
2010-11-12,133.0,0.0,0.0,0.0,0.0
2010-11-13,156.0,28.0,0.0,0.0,0.0
2010-11-14,144.0,33.0,0.0,0.0,0.0
2010-11-15,133.0,44.0,3.0,0.0,0.0
2010-11-16,89.0,50.0,3.0,0.0,0.0
2010-11-17,128.0,61.0,439.0,0.0,0.0
2010-11-18,72.0,11.0,13.0,0.0,0.0
2010-11-19,56.0,-17.0,23.0,0.0,0.0
2010-11-20,33.0,-17.0,0.0,0.0,0.0
2010-11-21,83.0,-28.0,0.0,0.0,0.0
2010-11-22,83.0,-22.0,0.0,0.0,0.0
2010-11-23,117.0,50.0,3.0,0.0,0.0
2010-11-24,122.0,-11.0,3.0,0.0,0.0
2010-11-25,33.0,-17.0,0.0,0.0,0.0
2010-11-26,33.0,-17.0,246.0,0.0,25.0
2010-11-27,28.0,-44.0,0.0,0.0,0.0
2010-11-28,-6.0,-39.0,10.0,0.0,25.0
2010-11-29,17.0,-33.0,0.0,0.0,0.0
2010-11-30,44.0,-33.0,0.0,0.0,0.0
2010-12-01,128.0,44.0,465.0,0.0,0.0
2010-12-02,139.0,-56.0,389.0,0.0,0.0
2010-12-03,-17.0,-78.0,0.0,0.0,0.0
2010-12-04,-17.0,-72.0,3.0,0.0,0.0
2010-12-05,-17.0,-78.0,13.0,25.0,28.0
2010-12-06,-33.0,-78.0,10.0,25.0,25.0
2010-12-07,-39.0,-61.0,3.0,0.0,0.0
2010-12-08,-33.0,-83.0,18.0,25.0,20.0
2010-12-09,-44.0,-128.0,20.0,51.0,28.0
2010-12-10,-61.0,-122.0,0.0,25.0,0.0
2010-12-11,-44.0,-78.0,25.0,51.0,48.0
2010-12-12,44.0,-56.0,30.0,0.0,0.0
2010-12-13,83.0,-39.0,267.0,0.0,0.0
2010-12-14,-33.0,-144.0,5.0,0.0,0.0
2010-12-15,-100.0,-144.0,5.0,0.0,0.0
2010-12-16,-72.0,-122.0,5.0,0.0,0.0
2010-12-17,-72.0,-122.0,3.0,0.0,10.0
2010-12-18,-39.0,-89.0,5.0,0.0,8.0
2010-12-19,-28.0,-111.0,0.0,0.0,0.0
2010-12-20,-33.0,-106.0,0.0,0.0,0.0
2010-12-21,-22.0,-72.0,0.0,0.0,0.0
2010-12-22,-33.0,-72.0,0.0,0.0,0.0
2010-12-23,-28.0,-67.0,0.0,0.0,0.0
2010-12-24,-50.0,-72.0,3.0,0.0,0.0
2010-12-25,-44.0,-78.0,0.0,0.0,0.0
2010-12-26,-44.0,-106.0,10.0,25.0,46.0
2010-12-27,-94.0,-117.0,8.0,51.0,30.0
2010-12-28,-50.0,-117.0,3.0,51.0,0.0
2010-12-29,-6.0,-61.0,0.0,25.0,0.0
2010-12-30,0.0,-67.0,0.0,0.0,0.0
2010-12-31,11.0,-72.0,0.0,0.0,0.0
2011-01-01,72.0,-6.0,0.0,0.0,0.0
2011-01-02,106.0,17.0,18.0,0.0,0.0
2011-01-03,33.0,-89.0,0.0,0.0,0.0
2011-01-04,-33.0,-89.0,0.0,0.0,0.0
2011-01-05,6.0,-89.0,0.0,0.0,0.0
2011-01-06,-33.0,-122.0,10.0,25.0,25.0
2011-01-07,-56.0,-122.0,48.0,76.0,76.0
2011-01-08,-61.0,-117.0,15.0,102.0,51.0
2011-01-09,-72.0,-106.0,28.0,152.0,76.0
2011-01-10,-61.0,-117.0,0.0,127.0,0.0
2011-01-11,-44.0,-111.0,0.0,102.0,0.0
2011-01-12,-33.0,-89.0,76.0,203.0,127.0
2011-01-13,-72.0,-111.0,13.0,203.0,25.0
2011-01-14,-83.0,-117.0,5.0,178.0,13.0
2011-01-15,-61.0,-111.0,0.0,152.0,0.0
2011-01-16,-28.0,-89.0,3.0,152.0,0.0
2011-01-17,-44.0,-139.0,0.0,127.0,0.0
2011-01-18,-6.0,-139.0,46.0,127.0,51.0
2011-01-19,11.0,-11.0,66.0,152.0,38.0
2011-01-20,0.0,-94.0,15.0,152.0,13.0
2011-01-21,-50.0,-100.0,66.0,229.0,76.0
2011-01-22,-72.0,-194.0,0.0,229.0,0.0
2011-01-23,-100.0,-194.0,0.0,229.0,0.0
2011-01-24,-100.0,-222.0,0.0,203.0,0.0
2011-01-25,-78.0,-217.0,5.0,203.0,0.0
2011-01-26,-28.0,-78.0,0.0,178.0,0.0
2011-01-27,6.0,-78.0,13.0,203.0,25.0
2011-01-28,-33.0,-61.0,23.0,229.0,51.0
2011-01-29,-39.0,-78.0,15.0,254.0,25.0
2011-01-30,-50.0,-78.0,36.0,330.0,102.0
2011-01-31,-28.0,-133.0,3.0,330.0,0.0
2011-02-01,-61.0,-139.0,25.0,305.0,13.0
2011-02-02,-11.0,-67.0,231.0,356.0,102.0
2011-02-03,6.0,-111.0,23.0,305.0,0.0
2011-02-04,-44.0,-117.0,0.0,279.0,0.0
2011-02-05,-28.0,-122.0,3.0,254.0,0.0
2011-02-06,11.0,-39.0,97.0,203.0,0.0
2011-02-07,6.0,-39.0,0.0,203.0,0.0
2011-02-08,22.0,-61.0,112.0,330.0,127.0
2011-02-09,-61.0,-178.0,3.0,330.0,5.0
2011-02-10,-72.0,-156.0,0.0,330.0,0.0
2011-02-11,-83.0,-156.0,0.0,305.0,0.0
2011-02-12,-44.0,-128.0,0.0,0.0,0.0
2011-02-13,-28.0,-94.0,13.0,330.0,25.0
2011-02-14,56.0,-61.0,10.0,279.0,13.0
2011-02-15,72.0,-111.0,5.0,229.0,0.0
2011-02-16,-28.0,-111.0,0.0,229.0,0.0
2011-02-17,67.0,-39.0,0.0,203.0,0.0
2011-02-18,111.0,61.0,0.0,152.0,0.0
2011-02-19,150.0,-22.0,0.0,76.0,0.0
2011-02-20,-22.0,-100.0,15.0,102.0,38.0
2011-02-21,0.0,-100.0,224.0,279.0,241.0
2011-02-22,-44.0,-161.0,5.0,279.0,13.0
2011-02-23,-56.0,-161.0,0.0,254.0,0.0
2011-02-24,17.0,-144.0,0.0,203.0,0.0
2011-02-25,22.0,-33.0,198.0,152.0,13.0
2011-02-26,17.0,-94.0,91.0,152.0,25.0
2011-02-27,-11.0,-83.0,0.0,152.0,0.0
2011-02-28,39.0,-22.0,97.0,127.0,0.0
2011-03-01,72.0,-61.0,112.0,76.0,0.0
2011-03-02,11.0,-61.0,0.0,76.0,0.0
2011-03-03,39.0,-139.0,0.0,76.0,0.0
2011-03-04,-33.0,-139.0,0.0,76.0,0.0
2011-03-05,22.0,-61.0,0.0,76.0,0.0
2011-03-06,89.0,22.0,175.0,25.0,0.0
2011-03-07,89.0,-67.0,549.0,356.0,356.0
2011-03-08,-28.0,-94.0,0.0,330.0,0.0
2011-03-09,17.0,-89.0,0.0,229.0,0.0
2011-03-10,28.0,-28.0,140.0,178.0,0.0
2011-03-11,83.0,-6.0,655.0,76.0,0.0
2011-03-12,6.0,-28.0,25.0,76.0,25.0
2011-03-13,78.0,-11.0,0.0,51.0,0.0
2011-03-14,22.0,-17.0,8.0,51.0,0.0
2011-03-15,-11.0,-67.0,13.0,51.0,13.0
2011-03-16,50.0,-61.0,30.0,51.0,0.0
2011-03-17,56.0,-6.0,20.0,25.0,0.0
2011-03-18,122.0,11.0,0.0,25.0,0.0
2011-03-19,178.0,6.0,0.0,0.0,0.0
2011-03-20,22.0,-61.0,0.0,0.0,0.0
2011-03-21,67.0,-61.0,135.0,51.0,38.0
2011-03-22,61.0,0.0,13.0,0.0,0.0
2011-03-23,17.0,-28.0,157.0,203.0,203.0
2011-03-24,0.0,-50.0,122.0,178.0,38.0
2011-03-25,-17.0,-106.0,3.0,127.0,0.0
2011-03-26,-28.0,-117.0,0.0,127.0,0.0
2011-03-27,-33.0,-117.0,0.0,102.0,0.0
2011-03-28,-22.0,-111.0,0.0,76.0,0.0
2011-03-29,6.0,-106.0,0.0,76.0,0.0
2011-03-30,33.0,-83.0,0.0,51.0,0.0
2011-03-31,67.0,-56.0,41.0,76.0,51.0
2011-04-01,11.0,-11.0,36.0,76.0,25.0
2011-04-02,22.0,-33.0,36.0,76.0,13.0
2011-04-03,67.0,-22.0,0.0,51.0,0.0
2011-04-04,83.0,6.0,30.0,25.0,0.0
2011-04-05,139.0,39.0,239.0,0.0,0.0
2011-04-06,50.0,-28.0,71.0,0.0,13.0
2011-04-07,39.0,-28.0,140.0,25.0,51.0
2011-04-08,17.0,0.0,8.0,25.0,0.0
2011-04-09,56.0,6.0,38.0,0.0,0.0
2011-04-10,67.0,22.0,10.0,0.0,0.0
2011-04-11,117.0,50.0,0.0,0.0,0.0
2011-04-12,222.0,72.0,10.0,0.0,0.0
2011-04-13,111.0,44.0,122.0,0.0,0.0
2011-04-14,67.0,17.0,84.0,0.0,0.0
2011-04-15,167.0,0.0,0.0,0.0,0.0
2011-04-16,117.0,0.0,0.0,0.0,0.0
2011-04-17,83.0,17.0,699.0,0.0,0.0
2011-04-18,100.0,6.0,5.0,0.0,0.0
2011-04-19,122.0,17.0,28.0,0.0,0.0
2011-04-20,111.0,28.0,0.0,,0.0
2011-04-21,183.0,17.0,0.0,,0.0
2011-04-22,72.0,-22.0,0.0,0.0,0.0
2011-04-23,44.0,-11.0,221.0,0.0,0.0
2011-04-24,133.0,28.0,28.0,0.0,0.0
2011-04-25,150.0,83.0,104.0,0.0,0.0
2011-04-26,172.0,89.0,211.0,0.0,0.0
2011-04-27,244.0,139.0,302.0,0.0,0.0
2011-04-28,222.0,144.0,290.0,0.0,0.0
2011-04-29,200.0,72.0,211.0,0.0,0.0
2011-04-30,100.0,33.0,18.0,0.0,0.0
2011-05-01,161.0,39.0,0.0,0.0,0.0
2011-05-02,161.0,89.0,0.0,0.0,0.0
2011-05-03,183.0,89.0,3.0,0.0,0.0
2011-05-04,222.0,33.0,513.0,0.0,0.0
2011-05-05,61.0,22.0,30.0,0.0,0.0
2011-05-06,139.0,33.0,0.0,0.0,0.0
2011-05-07,167.0,61.0,0.0,0.0,0.0
2011-05-08,156.0,33.0,41.0,0.0,0.0
2011-05-09,167.0,39.0,0.0,0.0,0.0
2011-05-10,161.0,39.0,0.0,0.0,0.0
2011-05-11,200.0,61.0,0.0,0.0,0.0
2011-05-12,222.0,106.0,0.0,0.0,0.0
2011-05-13,239.0,122.0,0.0,0.0,0.0
2011-05-14,144.0,106.0,0.0,0.0,0.0
2011-05-15,133.0,122.0,61.0,0.0,0.0
2011-05-16,167.0,78.0,180.0,0.0,0.0
2011-05-17,133.0,78.0,69.0,0.0,0.0
2011-05-18,144.0,89.0,86.0,0.0,0.0
2011-05-19,183.0,106.0,94.0,0.0,0.0
2011-05-20,167.0,106.0,188.0,0.0,0.0
2011-05-21,178.0,100.0,102.0,0.0,0.0
2011-05-22,228.0,122.0,0.0,0.0,0.0
2011-05-23,211.0,128.0,20.0,0.0,0.0
2011-05-24,183.0,128.0,79.0,0.0,0.0
2011-05-25,217.0,117.0,0.0,0.0,0.0
2011-05-26,244.0,117.0,0.0,0.0,0.0
2011-05-27,278.0,139.0,274.0,0.0,0.0
2011-05-28,233.0,144.0,310.0,0.0,0.0
2011-05-29,233.0,156.0,0.0,0.0,0.0
2011-05-30,267.0,167.0,218.0,0.0,0.0
2011-05-31,289.0,172.0,0.0,0.0,0.0
2011-06-01,294.0,194.0,0.0,0.0,0.0
2011-06-02,289.0,139.0,48.0,0.0,0.0
2011-06-03,189.0,72.0,0.0,0.0,0.0
2011-06-04,200.0,83.0,0.0,0.0,0.0
2011-06-05,200.0,78.0,0.0,0.0,0.0
2011-06-06,233.0,111.0,0.0,0.0,0.0
2011-06-07,228.0,150.0,0.0,0.0,0.0
2011-06-08,306.0,156.0,0.0,0.0,0.0
2011-06-09,306.0,156.0,0.0,0.0,0.0
2011-06-10,294.0,161.0,0.0,0.0,0.0
2011-06-11,250.0,167.0,61.0,0.0,0.0
2011-06-12,250.0,167.0,117.0,0.0,0.0
2011-06-13,261.0,94.0,5.0,0.0,0.0
2011-06-14,189.0,106.0,56.0,0.0,0.0
2011-06-15,156.0,72.0,15.0,0.0,0.0
2011-06-16,244.0,117.0,0.0,0.0,0.0
2011-06-17,206.0,139.0,122.0,0.0,0.0
2011-06-18,211.0,133.0,3.0,0.0,0.0
2011-06-19,239.0,133.0,0.0,0.0,0.0
2011-06-20,233.0,128.0,0.0,0.0,0.0
2011-06-21,244.0,128.0,38.0,0.0,0.0
2011-06-22,256.0,172.0,58.0,0.0,0.0
2011-06-23,244.0,183.0,254.0,0.0,0.0
2011-06-24,239.0,161.0,74.0,0.0,0.0
2011-06-25,217.0,150.0,89.0,0.0,0.0
2011-06-26,217.0,117.0,8.0,0.0,0.0
2011-06-27,189.0,139.0,0.0,0.0,0.0
2011-06-28,244.0,150.0,0.0,0.0,0.0
2011-06-29,250.0,139.0,107.0,0.0,0.0
2011-06-30,217.0,106.0,0.0,0.0,0.0
2011-07-01,244.0,106.0,0.0,0.0,0.0
2011-07-02,244.0,128.0,0.0,0.0,0.0
2011-07-03,267.0,178.0,465.0,0.0,0.0
2011-07-04,272.0,150.0,10.0,0.0,0.0
2011-07-05,267.0,139.0,0.0,0.0,0.0
2011-07-06,283.0,139.0,0.0,0.0,0.0
2011-07-07,283.0,167.0,8.0,0.0,0.0
2011-07-08,261.0,183.0,0.0,0.0,0.0
2011-07-09,250.0,150.0,23.0,0.0,0.0
2011-07-10,256.0,139.0,0.0,0.0,0.0
2011-07-11,278.0,183.0,0.0,0.0,0.0
2011-07-12,283.0,200.0,0.0,0.0,0.0
2011-07-13,300.0,172.0,8.0,0.0,0.0
2011-07-14,256.0,117.0,5.0,0.0,0.0
2011-07-15,250.0,122.0,0.0,0.0,0.0
2011-07-16,261.0,139.0,0.0,0.0,0.0
2011-07-17,267.0,172.0,0.0,0.0,0.0
2011-07-18,294.0,200.0,0.0,0.0,0.0
2011-07-19,294.0,189.0,84.0,0.0,0.0
2011-07-20,294.0,194.0,3.0,0.0,0.0
2011-07-21,300.0,222.0,0.0,0.0,0.0
2011-07-22,322.0,222.0,0.0,0.0,0.0
2011-07-23,339.0,239.0,0.0,0.0,0.0
2011-07-24,300.0,228.0,0.0,0.0,0.0
2011-07-25,289.0,189.0,25.0,0.0,0.0
2011-07-26,261.0,156.0,84.0,0.0,0.0
2011-07-27,283.0,139.0,0.0,0.0,0.0
2011-07-28,261.0,161.0,0.0,0.0,0.0
2011-07-29,217.0,183.0,48.0,0.0,0.0
2011-07-30,283.0,183.0,0.0,0.0,0.0
2011-07-31,289.0,150.0,0.0,0.0,0.0
2011-08-01,272.0,156.0,15.0,0.0,0.0
2011-08-02,283.0,139.0,302.0,0.0,0.0
2011-08-03,283.0,156.0,0.0,0.0,0.0
2011-08-04,222.0,172.0,86.0,0.0,0.0
2011-08-05,200.0,161.0,91.0,0.0,0.0
2011-08-06,244.0,178.0,18.0,0.0,0.0
2011-08-07,206.0,183.0,508.0,0.0,0.0
2011-08-08,256.0,183.0,132.0,0.0,0.0
2011-08-09,267.0,183.0,3.0,0.0,0.0
2011-08-10,233.0,167.0,198.0,0.0,0.0
2011-08-11,244.0,117.0,5.0,0.0,0.0
2011-08-12,228.0,100.0,0.0,0.0,0.0
2011-08-13,244.0,106.0,0.0,0.0,0.0
2011-08-14,222.0,167.0,48.0,0.0,0.0
2011-08-15,194.0,150.0,318.0,0.0,0.0
2011-08-16,183.0,161.0,178.0,0.0,0.0
2011-08-17,239.0,133.0,56.0,0.0,0.0
2011-08-18,256.0,139.0,0.0,0.0,0.0
2011-08-19,261.0,161.0,0.0,0.0,0.0
2011-08-20,256.0,139.0,58.0,0.0,0.0
2011-08-21,261.0,156.0,0.0,0.0,0.0
2011-08-22,244.0,117.0,5.0,0.0,0.0
2011-08-23,206.0,89.0,0.0,0.0,0.0
2011-08-24,217.0,94.0,0.0,0.0,0.0
2011-08-25,239.0,167.0,36.0,0.0,0.0
2011-08-26,217.0,139.0,152.0,0.0,0.0
2011-08-27,250.0,139.0,0.0,0.0,0.0
2011-08-28,239.0,167.0,488.0,0.0,0.0
2011-08-29,172.0,83.0,381.0,0.0,0.0
2011-08-30,200.0,89.0,0.0,0.0,0.0
2011-08-31,228.0,122.0,0.0,0.0,0.0
2011-09-01,233.0,133.0,0.0,0.0,0.0
2011-09-02,222.0,156.0,0.0,0.0,0.0
2011-09-03,211.0,167.0,0.0,0.0,0.0
2011-09-04,261.0,183.0,0.0,0.0,0.0
2011-09-05,267.0,178.0,328.0,0.0,0.0
2011-09-06,189.0,128.0,236.0,0.0,0.0
2011-09-07,133.0,122.0,503.0,0.0,0.0
2011-09-08,156.0,122.0,1986.0,0.0,0.0
2011-09-09,200.0,144.0,64.0,0.0,0.0
2011-09-10,200.0,144.0,30.0,0.0,0.0
2011-09-11,222.0,144.0,0.0,0.0,0.0
2011-09-12,222.0,144.0,8.0,0.0,0.0
2011-09-13,211.0,150.0,0.0,0.0,0.0
2011-09-14,233.0,156.0,0.0,0.0,0.0
2011-09-15,233.0,106.0,13.0,0.0,0.0
2011-09-16,111.0,28.0,86.0,0.0,0.0
2011-09-17,128.0,33.0,0.0,0.0,0.0
2011-09-18,139.0,44.0,0.0,0.0,0.0
2011-09-19,161.0,39.0,0.0,0.0,0.0
2011-09-20,156.0,72.0,53.0,0.0,0.0
2011-09-21,172.0,117.0,8.0,0.0,0.0
2011-09-22,183.0,150.0,109.0,0.0,0.0
2011-09-23,211.0,150.0,25.0,0.0,0.0
2011-09-24,194.0,156.0,236.0,0.0,0.0
2011-09-25,211.0,133.0,0.0,0.0,0.0
2011-09-26,244.0,139.0,0.0,0.0,0.0
2011-09-27,239.0,161.0,0.0,0.0,0.0
2011-09-28,194.0,161.0,279.0,0.0,0.0
2011-09-29,211.0,122.0,439.0,0.0,0.0
2011-09-30,161.0,94.0,91.0,0.0,0.0
2011-10-01,156.0,83.0,0.0,0.0,0.0
2011-10-02,100.0,22.0,135.0,0.0,0.0
2011-10-03,78.0,28.0,183.0,0.0,0.0
2011-10-04,78.0,50.0,76.0,0.0,0.0
2011-10-05,139.0,61.0,10.0,0.0,0.0
2011-10-06,172.0,11.0,0.0,0.0,0.0
2011-10-07,161.0,11.0,0.0,0.0,0.0
2011-10-08,189.0,44.0,0.0,0.0,0.0
2011-10-09,217.0,83.0,0.0,0.0,0.0
2011-10-10,250.0,111.0,0.0,0.0,0.0
2011-10-11,233.0,111.0,0.0,0.0,0.0
2011-10-12,233.0,111.0,5.0,0.0,0.0
2011-10-13,133.0,94.0,132.0,0.0,0.0
2011-10-14,167.0,128.0,414.0,0.0,0.0
2011-10-15,167.0,61.0,170.0,0.0,0.0
2011-10-16,100.0,56.0,15.0,0.0,0.0
2011-10-17,139.0,56.0,66.0,0.0,0.0
2011-10-18,144.0,56.0,0.0,0.0,0.0
2011-10-19,156.0,78.0,0.0,0.0,0.0
2011-10-20,161.0,94.0,160.0,0.0,0.0
2011-10-21,94.0,44.0,25.0,0.0,0.0
2011-10-22,72.0,39.0,5.0,0.0,0.0
2011-10-23,72.0,22.0,0.0,0.0,0.0
2011-10-24,106.0,22.0,0.0,0.0,0.0
2011-10-25,117.0,33.0,10.0,0.0,0.0
2011-10-26,133.0,44.0,3.0,0.0,0.0
2011-10-27,128.0,50.0,86.0,0.0,0.0
2011-10-28,56.0,-39.0,122.0,25.0,38.0
2011-10-29,44.0,-39.0,8.0,0.0,0.0
2011-10-30,-6.0,-28.0,97.0,76.0,163.0
2011-10-31,44.0,-28.0,0.0,25.0,0.0
2011-11-01,56.0,-11.0,0.0,0.0,0.0
2011-11-02,89.0,0.0,0.0,0.0,0.0
2011-11-03,111.0,28.0,0.0,0.0,0.0
2011-11-04,111.0,28.0,0.0,0.0,0.0
2011-11-05,61.0,-44.0,0.0,0.0,0.0
2011-11-06,78.0,-39.0,0.0,0.0,0.0
2011-11-07,83.0,6.0,0.0,0.0,0.0
2011-11-08,150.0,17.0,0.0,0.0,0.0
2011-11-09,178.0,78.0,0.0,0.0,0.0
2011-11-10,156.0,78.0,8.0,0.0,0.0
2011-11-11,100.0,6.0,30.0,0.0,0.0
2011-11-12,39.0,-22.0,0.0,0.0,0.0
2011-11-13,106.0,-11.0,0.0,0.0,0.0
2011-11-14,133.0,67.0,0.0,0.0,0.0
2011-11-15,139.0,83.0,84.0,0.0,0.0
2011-11-16,111.0,72.0,30.0,0.0,0.0
2011-11-17,106.0,-6.0,99.0,0.0,0.0
2011-11-18,22.0,-44.0,0.0,0.0,0.0
2011-11-19,17.0,-44.0,0.0,0.0,0.0
2011-11-20,72.0,0.0,5.0,0.0,0.0
2011-11-21,117.0,22.0,0.0,0.0,0.0
2011-11-22,56.0,-11.0,0.0,0.0,0.0
2011-11-23,78.0,0.0,310.0,0.0,0.0
2011-11-24,83.0,-28.0,30.0,0.0,0.0
2011-11-25,78.0,-11.0,0.0,0.0,0.0
2011-11-26,122.0,0.0,0.0,0.0,0.0
2011-11-27,128.0,67.0,0.0,0.0,0.0
2011-11-28,133.0,72.0,0.0,0.0,0.0
2011-11-29,150.0,111.0,13.0,0.0,0.0
2011-11-30,144.0,0.0,300.0,0.0,0.0
2011-12-01,22.0,-39.0,8.0,0.0,0.0
2011-12-02,61.0,-22.0,0.0,0.0,0.0
2011-12-03,33.0,-50.0,0.0,0.0,0.0
2011-12-04,39.0,-50.0,0.0,0.0,0.0
2011-12-05,72.0,11.0,0.0,0.0,0.0
2011-12-06,106.0,11.0,99.0,0.0,0.0
2011-12-07,111.0,22.0,104.0,0.0,0.0
2011-12-08,22.0,-50.0,411.0,178.0,206.0
2011-12-09,0.0,-50.0,0.0,127.0,0.0
2011-12-10,17.0,-50.0,0.0,102.0,0.0
2011-12-11,-22.0,-94.0,0.0,76.0,0.0
2011-12-12,-22.0,-89.0,0.0,76.0,0.0
2011-12-13,11.0,-61.0,0.0,76.0,0.0
2011-12-14,39.0,-56.0,0.0,51.0,0.0
2011-12-15,44.0,6.0,3.0,25.0,0.0
2011-12-16,78.0,0.0,23.0,0.0,0.0
2011-12-17,17.0,-22.0,0.0,0.0,0.0
2011-12-18,-17.0,-111.0,5.0,0.0,0.0
2011-12-19,-22.0,-111.0,0.0,0.0,0.0
2011-12-20,28.0,-39.0,5.0,0.0,0.0
2011-12-21,33.0,-11.0,18.0,0.0,0.0
2011-12-22,72.0,28.0,155.0,0.0,0.0
2011-12-23,61.0,11.0,163.0,0.0,0.0
2011-12-24,17.0,-61.0,5.0,0.0,0.0
2011-12-25,-33.0,-67.0,3.0,0.0,0.0
2011-12-26,17.0,-39.0,5.0,0.0,0.0
2011-12-27,17.0,-39.0,0.0,0.0,0.0
2011-12-28,56.0,0.0,165.0,0.0,0.0
2011-12-29,0.0,-106.0,0.0,0.0,0.0
2011-12-30,-11.0,-100.0,15.0,0.0,13.0
2011-12-31,44.0,-17.0,0.0,0.0,0.0
2012-01-02,61.0,-44.0,46.0,0.0,0.0
2012-01-03,-28.0,-106.0,46.0,51.0,53.0
2012-01-04,-94.0,-189.0,5.0,51.0,0.0
2012-01-05,-61.0,-189.0,0.0,25.0,0.0
2012-01-06,0.0,-61.0,3.0,25.0,0.0
2012-01-07,83.0,-6.0,0.0,0.0,0.0
2012-01-08,89.0,-6.0,0.0,0.0,0.0
2012-01-09,-6.0,-67.0,0.0,0.0,0.0
2012-01-10,6.0,-67.0,0.0,0.0,0.0
2012-01-11,17.0,-39.0,0.0,0.0,0.0
2012-01-12,39.0,-39.0,170.0,0.0,0.0
2012-01-13,50.0,-39.0,170.0,25.0,20.0
2012-01-14,-39.0,-94.0,36.0,76.0,58.0
2012-01-15,-50.0,-167.0,15.0,76.0,15.0
2012-01-16,-100.0,-167.0,0.0,51.0,0.0
2012-01-17,-6.0,-122.0,10.0,25.0,0.0
2012-01-18,61.0,-39.0,30.0,0.0,0.0
2012-01-19,-39.0,-128.0,3.0,0.0,0.0
2012-01-20,-50.0,-133.0,41.0,76.0,71.0
2012-01-21,-78.0,-133.0,91.0,152.0,102.0
2012-01-22,-61.0,-139.0,18.0,127.0,23.0
2012-01-23,0.0,-128.0,5.0,102.0,0.0
2012-01-24,44.0,0.0,28.0,25.0,0.0
2012-01-25,17.0,-22.0,0.0,25.0,0.0
2012-01-26,0.0,-28.0,18.0,25.0,20.0
2012-01-27,89.0,-22.0,224.0,0.0,0.0
2012-01-28,78.0,-22.0,5.0,0.0,0.0
2012-01-29,28.0,-61.0,3.0,0.0,0.0
2012-01-30,6.0,-67.0,23.0,25.0,33.0
2012-01-31,0.0,-67.0,0.0,0.0,0.0
2012-02-01,100.0,0.0,0.0,0.0,0.0
2012-02-02,106.0,-11.0,10.0,0.0,0.0
2012-02-03,-6.0,-50.0,3.0,0.0,0.0
2012-02-04,22.0,-44.0,0.0,0.0,0.0
2012-02-05,17.0,-61.0,0.0,0.0,0.0
2012-02-06,-11.0,-56.0,0.0,0.0,0.0
2012-02-07,61.0,-50.0,0.0,0.0,0.0
2012-02-08,17.0,-50.0,0.0,0.0,0.0
2012-02-09,-22.0,-89.0,23.0,25.0,13.0
2012-02-10,11.0,-83.0,0.0,0.0,0.0
2012-02-11,-11.0,-67.0,10.0,0.0,13.0
2012-02-12,-17.0,-133.0,23.0,51.0,51.0
2012-02-13,-67.0,-117.0,15.0,51.0,51.0
2012-02-14,0.0,-83.0,3.0,25.0,0.0
2012-02-15,28.0,-44.0,23.0,25.0,25.0
2012-02-16,22.0,-39.0,3.0,0.0,0.0
2012-02-17,17.0,-6.0,117.0,51.0,102.0
2012-02-18,28.0,-33.0,0.0,25.0,0.0
2012-02-19,6.0,-39.0,15.0,25.0,13.0
2012-02-20,0.0,-67.0,0.0,25.0,0.0
2012-02-21,6.0,-67.0,3.0,25.0,0.0
2012-02-22,28.0,-44.0,3.0,25.0,0.0
2012-02-23,78.0,0.0,25.0,0.0,0.0
2012-02-24,67.0,0.0,119.0,51.0,76.0
2012-02-25,17.0,-22.0,36.0,25.0,0.0
2012-02-26,-6.0,-67.0,5.0,25.0,0.0
2012-02-27,0.0,-61.0,0.0,25.0,0.0
2012-02-28,78.0,-28.0,0.0,0.0,0.0
2012-02-29,44.0,-28.0,0.0,0.0,0.0
2012-03-01,22.0,-17.0,183.0,25.0,41.0
2012-03-02,28.0,-22.0,20.0,0.0,0.0
2012-03-03,44.0,-11.0,79.0,0.0,0.0
2012-03-04,78.0,-44.0,0.0,0.0,0.0
2012-03-05,0.0,-83.0,15.0,0.0,18.0
2012-03-06,-6.0,-100.0,0.0,0.0,0.0
2012-03-07,17.0,-94.0,0.0,0.0,0.0
2012-03-08,122.0,-6.0,0.0,0.0,0.0
2012-03-09,156.0,-22.0,394.0,0.0,0.0
2012-03-10,17.0,-89.0,10.0,0.0,10.0
2012-03-11,6.0,-83.0,0.0,0.0,0.0
2012-03-12,122.0,-22.0,0.0,0.0,0.0
2012-03-13,161.0,50.0,0.0,0.0,0.0
2012-03-14,194.0,50.0,0.0,0.0,0.0
2012-03-15,194.0,44.0,0.0,0.0,0.0
2012-03-16,194.0,56.0,0.0,0.0,0.0
2012-03-17,172.0,56.0,5.0,0.0,0.0
2012-03-18,206.0,89.0,0.0,0.0,0.0
2012-03-19,189.0,94.0,0.0,0.0,0.0
2012-03-20,211.0,106.0,140.0,0.0,0.0
2012-03-21,194.0,111.0,0.0,0.0,0.0
2012-03-22,194.0,111.0,0.0,0.0,0.0
2012-03-23,217.0,100.0,0.0,0.0,0.0
2012-03-24,228.0,106.0,10.0,0.0,0.0
2012-03-25,139.0,44.0,33.0,0.0,0.0
2012-03-26,150.0,22.0,0.0,0.0,0.0
2012-03-27,28.0,-67.0,0.0,0.0,0.0
2012-03-28,78.0,-67.0,0.0,0.0,0.0
2012-03-29,172.0,28.0,10.0,0.0,0.0
2012-03-30,39.0,-22.0,0.0,0.0,0.0
2012-03-31,106.0,-22.0,66.0,0.0,0.0
2012-04-01,39.0,11.0,10.0,0.0,0.0
2012-04-02,56.0,-6.0,71.0,0.0,0.0
2012-04-03,89.0,-11.0,0.0,0.0,0.0
2012-04-04,144.0,-6.0,0.0,0.0,0.0
2012-04-05,144.0,-11.0,0.0,0.0,0.0
2012-04-06,67.0,-28.0,0.0,0.0,0.0
2012-04-07,78.0,-22.0,0.0,0.0,0.0
2012-04-08,106.0,-6.0,0.0,0.0,0.0
2012-04-09,161.0,22.0,0.0,0.0,0.0
2012-04-10,111.0,11.0,0.0,0.0,0.0
2012-04-11,78.0,-6.0,36.0,0.0,0.0
2012-04-12,56.0,-6.0,28.0,0.0,0.0
2012-04-13,89.0,-11.0,0.0,0.0,0.0
2012-04-14,144.0,11.0,0.0,0.0,0.0
2012-04-15,172.0,83.0,10.0,0.0,0.0
2012-04-16,211.0,94.0,0.0,0.0,0.0
2012-04-17,267.0,94.0,0.0,0.0,0.0
2012-04-18,178.0,0.0,0.0,0.0,0.0
2012-04-19,122.0,0.0,0.0,0.0,0.0
2012-04-20,194.0,44.0,0.0,0.0,0.0
2012-04-21,206.0,94.0,0.0,0.0,0.0
2012-04-22,189.0,11.0,188.0,0.0,0.0
2012-04-23,33.0,-11.0,269.0,0.0,13.0
2012-04-24,17.0,-11.0,38.0,0.0,0.0
2012-04-25,50.0,-6.0,18.0,0.0,0.0
2012-04-26,122.0,11.0,0.0,0.0,0.0
2012-04-27,122.0,11.0,36.0,0.0,0.0
2012-04-28,50.0,-28.0,0.0,0.0,0.0
2012-04-29,106.0,-17.0,0.0,0.0,0.0
2012-04-30,133.0,-11.0,0.0,0.0,0.0
2012-05-01,150.0,11.0,51.0,0.0,0.0
2012-05-02,211.0,89.0,5.0,0.0,0.0
2012-05-03,133.0,100.0,124.0,0.0,0.0
2012-05-04,244.0,117.0,33.0,0.0,0.0
2012-05-05,256.0,128.0,282.0,0.0,0.0
2012-05-06,183.0,78.0,0.0,0.0,0.0
2012-05-07,206.0,89.0,0.0,0.0,0.0
2012-05-08,122.0,83.0,97.0,0.0,0.0
2012-05-09,144.0,89.0,302.0,0.0,0.0
2012-05-10,183.0,67.0,0.0,0.0,0.0
2012-05-11,117.0,39.0,3.0,0.0,0.0
2012-05-12,183.0,50.0,0.0,0.0,0.0
2012-05-13,233.0,111.0,0.0,0.0,0.0
2012-05-14,211.0,117.0,28.0,0.0,0.0
2012-05-15,144.0,117.0,544.0,0.0,0.0
2012-05-16,183.0,133.0,145.0,0.0,0.0
2012-05-17,239.0,33.0,10.0,0.0,0.0
2012-05-18,178.0,33.0,0.0,0.0,0.0
2012-05-19,228.0,72.0,0.0,0.0,0.0
2012-05-20,256.0,117.0,0.0,0.0,0.0
2012-05-21,267.0,111.0,0.0,0.0,0.0
2012-05-22,194.0,144.0,8.0,0.0,0.0
2012-05-23,211.0,150.0,97.0,0.0,0.0
2012-05-24,217.0,156.0,3.0,0.0,0.0
2012-05-25,233.0,161.0,10.0,0.0,0.0
2012-05-26,244.0,167.0,0.0,0.0,0.0
2012-05-27,267.0,150.0,0.0,0.0,0.0
2012-05-28,261.0,150.0,10.0,0.0,0.0
2012-05-29,283.0,167.0,0.0,0.0,0.0
2012-05-30,278.0,161.0,267.0,0.0,0.0
2012-05-31,244.0,100.0,0.0,0.0,0.0
2012-06-01,211.0,94.0,0.0,0.0,0.0
2012-06-02,167.0,94.0,244.0,0.0,0.0
2012-06-03,178.0,83.0,0.0,0.0,0.0
2012-06-04,172.0,94.0,84.0,0.0,0.0
2012-06-05,150.0,61.0,41.0,0.0,0.0
2012-06-06,150.0,72.0,0.0,0.0,0.0
2012-06-07,194.0,78.0,10.0,0.0,0.0
2012-06-08,211.0,89.0,18.0,0.0,0.0
2012-06-09,239.0,111.0,0.0,0.0,0.0
2012-06-10,217.0,144.0,8.0,0.0,0.0
2012-06-11,278.0,178.0,0.0,0.0,0.0
2012-06-12,261.0,161.0,8.0,0.0,0.0
2012-06-13,178.0,111.0,150.0,0.0,0.0
2012-06-14,189.0,89.0,0.0,0.0,0.0
2012-06-15,222.0,100.0,0.0,0.0,0.0
2012-06-16,239.0,133.0,0.0,0.0,0.0
2012-06-17,233.0,122.0,0.0,0.0,0.0
2012-06-18,233.0,122.0,0.0,0.0,0.0
2012-06-19,156.0,133.0,30.0,0.0,0.0
2012-06-20,244.0,150.0,0.0,0.0,0.0
2012-06-21,311.0,200.0,0.0,0.0,0.0
2012-06-22,300.0,189.0,0.0,0.0,0.0
2012-06-23,261.0,139.0,112.0,0.0,0.0
2012-06-24,244.0,122.0,0.0,0.0,0.0
2012-06-25,233.0,139.0,170.0,0.0,0.0
2012-06-26,200.0,89.0,8.0,0.0,0.0
2012-06-27,206.0,106.0,0.0,0.0,0.0
2012-06-28,233.0,133.0,0.0,0.0,0.0
2012-06-29,272.0,167.0,8.0,0.0,0.0
2012-06-30,317.0,172.0,0.0,0.0,0.0
2012-07-01,272.0,183.0,0.0,0.0,0.0
2012-07-02,283.0,161.0,0.0,0.0,0.0
2012-07-03,267.0,156.0,0.0,0.0,0.0
2012-07-04,278.0,161.0,15.0,0.0,0.0
2012-07-05,289.0,183.0,0.0,0.0,0.0
2012-07-06,294.0,161.0,0.0,0.0,0.0
2012-07-07,306.0,178.0,0.0,0.0,0.0
2012-07-08,306.0,178.0,97.0,0.0,0.0
2012-07-09,283.0,150.0,0.0,0.0,0.0
2012-07-10,256.0,128.0,0.0,0.0,0.0
2012-07-11,267.0,133.0,5.0,0.0,0.0
2012-07-12,272.0,156.0,0.0,0.0,0.0
2012-07-13,283.0,178.0,0.0,0.0,0.0
2012-07-14,267.0,172.0,0.0,0.0,0.0
2012-07-15,239.0,172.0,0.0,0.0,0.0
2012-07-16,261.0,183.0,480.0,0.0,0.0
2012-07-17,289.0,183.0,0.0,0.0,0.0
2012-07-18,311.0,206.0,0.0,0.0,0.0
2012-07-19,311.0,178.0,175.0,0.0,0.0
2012-07-20,256.0,156.0,330.0,0.0,0.0
2012-07-21,172.0,133.0,119.0,0.0,0.0
2012-07-22,217.0,139.0,0.0,0.0,0.0
2012-07-23,244.0,156.0,0.0,0.0,0.0
2012-07-24,289.0,200.0,0.0,0.0,0.0
2012-07-25,289.0,133.0,0.0,0.0,0.0
2012-07-26,256.0,144.0,0.0,0.0,0.0
2012-07-27,283.0,172.0,231.0,0.0,0.0
2012-07-28,256.0,167.0,114.0,0.0,0.0
2012-07-29,256.0,167.0,36.0,0.0,0.0
2012-07-30,267.0,144.0,0.0,0.0,0.0
2012-07-31,256.0,161.0,0.0,0.0,0.0
2012-08-01,250.0,156.0,124.0,0.0,0.0
2012-08-02,244.0,161.0,0.0,0.0,0.0
2012-08-03,272.0,178.0,0.0,0.0,0.0
2012-08-04,289.0,194.0,0.0,0.0,0.0
2012-08-05,283.0,206.0,94.0,0.0,0.0
2012-08-06,244.0,172.0,348.0,0.0,0.0
2012-08-07,250.0,128.0,0.0,0.0,0.0
2012-08-08,244.0,156.0,0.0,0.0,0.0
2012-08-09,278.0,183.0,0.0,0.0,0.0
2012-08-10,272.0,167.0,239.0,0.0,0.0
2012-08-11,222.0,178.0,15.0,0.0,0.0
2012-08-12,244.0,144.0,0.0,0.0,0.0
2012-08-13,217.0,133.0,0.0,0.0,0.0
2012-08-14,233.0,139.0,51.0,0.0,0.0
2012-08-15,233.0,161.0,38.0,0.0,0.0
2012-08-16,217.0,133.0,8.0,0.0,0.0
2012-08-17,244.0,139.0,0.0,0.0,0.0
2012-08-18,222.0,122.0,10.0,0.0,0.0
2012-08-19,217.0,94.0,0.0,0.0,0.0
2012-08-20,206.0,117.0,0.0,0.0,0.0
2012-08-21,178.0,100.0,58.0,0.0,0.0
2012-08-22,222.0,89.0,0.0,0.0,0.0
2012-08-23,239.0,139.0,0.0,0.0,0.0
2012-08-24,250.0,139.0,0.0,0.0,0.0
2012-08-25,256.0,150.0,0.0,0.0,0.0
2012-08-26,233.0,161.0,0.0,0.0,0.0
2012-08-27,256.0,172.0,20.0,0.0,0.0
2012-08-28,250.0,178.0,196.0,0.0,0.0
2012-08-29,244.0,117.0,0.0,0.0,0.0
2012-08-30,217.0,89.0,0.0,0.0,0.0
2012-08-31,233.0,89.0,0.0,0.0,0.0
2012-09-01,278.0,167.0,0.0,0.0,0.0
2012-09-02,261.0,144.0,0.0,0.0,0.0
2012-09-03,233.0,150.0,0.0,0.0,0.0
2012-09-04,194.0,178.0,36.0,0.0,0.0
2012-09-05,233.0,178.0,147.0,0.0,0.0
2012-09-06,217.0,150.0,5.0,0.0,0.0
2012-09-07,250.0,144.0,381.0,0.0,0.0
2012-09-08,256.0,144.0,5.0,0.0,0.0
2012-09-09,217.0,94.0,157.0,0.0,0.0
2012-09-10,183.0,72.0,0.0,0.0,0.0
2012-09-11,167.0,67.0,0.0,0.0,0.0
2012-09-12,194.0,61.0,0.0,0.0,0.0
2012-09-13,222.0,106.0,0.0,0.0,0.0
2012-09-14,228.0,122.0,0.0,0.0,0.0
2012-09-15,222.0,78.0,38.0,0.0,0.0
2012-09-16,167.0,72.0,0.0,0.0,0.0
2012-09-17,178.0,72.0,0.0,0.0,0.0
2012-09-18,194.0,100.0,97.0,0.0,0.0
2012-09-19,189.0,67.0,518.0,0.0,0.0
2012-09-20,144.0,56.0,0.0,0.0,0.0
2012-09-21,167.0,72.0,0.0,0.0,0.0
2012-09-22,200.0,117.0,10.0,0.0,0.0
2012-09-23,217.0,56.0,15.0,0.0,0.0
2012-09-24,133.0,33.0,10.0,0.0,0.0
2012-09-25,128.0,33.0,0.0,0.0,0.0
2012-09-26,156.0,78.0,25.0,0.0,0.0
2012-09-27,156.0,100.0,36.0,0.0,0.0
2012-09-28,183.0,100.0,249.0,0.0,0.0
2012-09-29,161.0,83.0,5.0,0.0,0.0
2012-09-30,128.0,61.0,0.0,0.0,0.0
2012-10-01,117.0,44.0,18.0,0.0,0.0
2012-10-02,156.0,56.0,0.0,0.0,0.0
2012-10-03,178.0,117.0,109.0,0.0,0.0
2012-10-04,189.0,161.0,5.0,0.0,0.0
2012-10-05,194.0,100.0,20.0,0.0,0.0
2012-10-06,178.0,111.0,0.0,0.0,0.0
2012-10-07,172.0,44.0,15.0,0.0,0.0
2012-10-08,72.0,-6.0,46.0,0.0,0.0
2012-10-09,78.0,-6.0,0.0,0.0,0.0
2012-10-10,117.0,50.0,18.0,0.0,0.0
2012-10-11,122.0,6.0,5.0,0.0,0.0
2012-10-12,106.0,6.0,0.0,0.0,0.0
2012-10-13,72.0,-33.0,0.0,0.0,0.0
2012-10-14,83.0,-28.0,0.0,0.0,0.0
2012-10-15,178.0,78.0,13.0,0.0,0.0
2012-10-16,156.0,50.0,5.0,0.0,0.0
2012-10-17,94.0,17.0,0.0,0.0,0.0
2012-10-18,133.0,28.0,0.0,0.0,0.0
2012-10-19,150.0,83.0,140.0,0.0,0.0
2012-10-20,150.0,61.0,127.0,0.0,0.0
2012-10-21,106.0,44.0,0.0,0.0,0.0
2012-10-22,117.0,33.0,0.0,0.0,0.0
2012-10-23,161.0,44.0,0.0,0.0,0.0
2012-10-24,156.0,100.0,89.0,0.0,0.0
2012-10-25,206.0,122.0,0.0,0.0,0.0
2012-10-26,167.0,117.0,8.0,0.0,0.0
2012-10-27,133.0,122.0,5.0,0.0,0.0
2012-10-28,133.0,72.0,0.0,0.0,0.0
2012-10-29,78.0,61.0,48.0,0.0,0.0
2012-10-30,122.0,50.0,645.0,0.0,0.0
2012-10-31,56.0,0.0,137.0,0.0,0.0
2012-11-01,22.0,0.0,61.0,0.0,0.0
2012-11-02,39.0,17.0,18.0,0.0,0.0
2012-11-03,33.0,-6.0,13.0,0.0,0.0
2012-11-04,22.0,-11.0,0.0,0.0,0.0
2012-11-05,11.0,-28.0,0.0,0.0,0.0
2012-11-06,6.0,-61.0,0.0,0.0,0.0
2012-11-07,22.0,-61.0,0.0,0.0,0.0
2012-11-08,6.0,-39.0,0.0,0.0,0.0
2012-11-09,33.0,-22.0,0.0,0.0,0.0
2012-11-10,61.0,-11.0,0.0,0.0,0.0
2012-11-11,89.0,33.0,8.0,0.0,0.0
2012-11-12,172.0,72.0,0.0,0.0,0.0
2012-11-13,156.0,0.0,157.0,0.0,13.0
2012-11-14,22.0,-17.0,0.0,0.0,0.0
2012-11-15,28.0,-39.0,0.0,0.0,0.0
2012-11-16,33.0,-39.0,0.0,0.0,0.0
2012-11-17,39.0,-28.0,0.0,0.0,0.0
2012-11-18,67.0,-39.0,0.0,0.0,0.0
2012-11-19,72.0,-39.0,0.0,0.0,0.0
2012-11-20,83.0,-22.0,0.0,0.0,0.0
2012-11-21,78.0,-11.0,0.0,0.0,0.0
2012-11-22,94.0,-6.0,0.0,0.0,0.0
2012-11-23,106.0,17.0,0.0,0.0,0.0
2012-11-24,100.0,-22.0,23.0,0.0,0.0
2012-11-25,-6.0,-28.0,5.0,0.0,0.0
2012-11-26,-17.0,-33.0,0.0,0.0,0.0
2012-11-27,28.0,-22.0,20.0,25.0,13.0
2012-11-28,-6.0,-78.0,46.0,51.0,51.0
2012-11-29,-11.0,-78.0,0.0,51.0,0.0
2012-11-30,17.0,-50.0,0.0,25.0,0.0
2012-12-01,39.0,-22.0,3.0,25.0,0.0
2012-12-02,28.0,6.0,0.0,0.0,0.0
2012-12-03,89.0,22.0,18.0,0.0,0.0
2012-12-04,128.0,61.0,28.0,0.0,0.0
2012-12-05,150.0,22.0,69.0,0.0,0.0
2012-12-06,50.0,-67.0,0.0,0.0,0.0
2012-12-07,22.0,-67.0,0.0,0.0,0.0
2012-12-08,28.0,-11.0,132.0,0.0,0.0
2012-12-09,72.0,-11.0,5.0,0.0,0.0
2012-12-10,61.0,-17.0,41.0,0.0,0.0
2012-12-11,89.0,-6.0,122.0,0.0,0.0
2012-12-12,11.0,-28.0,5.0,0.0,0.0
2012-12-13,17.0,-56.0,0.0,0.0,0.0
2012-12-14,22.0,-50.0,0.0,0.0,0.0
2012-12-15,50.0,-33.0,0.0,0.0,0.0
2012-12-16,39.0,-33.0,0.0,0.0,0.0
2012-12-17,50.0,28.0,23.0,0.0,0.0
2012-12-18,50.0,33.0,178.0,0.0,0.0
2012-12-19,44.0,-11.0,41.0,0.0,0.0
2012-12-20,33.0,-33.0,0.0,0.0,0.0
2012-12-21,56.0,-33.0,528.0,25.0,51.0
2012-12-22,0.0,-44.0,36.0,25.0,25.0
2012-12-23,-17.0,-44.0,5.0,25.0,0.0
2012-12-24,-6.0,-67.0,0.0,25.0,0.0
2012-12-25,0.0,-67.0,28.0,25.0,25.0
2012-12-26,-22.0,-100.0,0.0,25.0,0.0
2012-12-27,-28.0,-94.0,224.0,229.0,203.0
2012-12-28,-44.0,-61.0,10.0,203.0,0.0
2012-12-29,-33.0,-67.0,15.0,178.0,13.0
2012-12-30,-33.0,-78.0,168.0,279.0,152.0
2012-12-31,-39.0,-83.0,0.0,254.0,0.0
2013-01-01,-17.0,-78.0,0.0,229.0,0.0
2013-01-02,-17.0,-94.0,20.0,229.0,15.0
2013-01-03,-56.0,-122.0,0.0,203.0,0.0
2013-01-04,-44.0,-106.0,5.0,203.0,0.0
2013-01-05,-28.0,-61.0,0.0,178.0,0.0
2013-01-06,-11.0,-50.0,0.0,178.0,0.0
2013-01-07,6.0,-33.0,3.0,152.0,0.0
2013-01-08,11.0,-44.0,0.0,152.0,0.0
2013-01-09,22.0,-39.0,0.0,152.0,0.0
2013-01-10,28.0,-11.0,0.0,127.0,0.0
2013-01-11,28.0,-17.0,0.0,127.0,0.0
2013-01-12,22.0,6.0,71.0,127.0,0.0
2013-01-13,94.0,11.0,0.0,51.0,0.0
2013-01-14,94.0,67.0,23.0,0.0,0.0
2013-01-15,72.0,-50.0,0.0,0.0,0.0
2013-01-16,-17.0,-50.0,89.0,76.0,86.0
2013-01-17,-22.0,-33.0,5.0,76.0,0.0
2013-01-18,-11.0,-111.0,3.0,76.0,0.0
2013-01-19,-44.0,-117.0,0.0,51.0,0.0
2013-01-20,44.0,-50.0,0.0,51.0,0.0
2013-01-21,44.0,-94.0,0.0,25.0,0.0
2013-01-22,-72.0,-156.0,33.0,76.0,66.0
2013-01-23,-128.0,-189.0,3.0,76.0,0.0
2013-01-24,-128.0,-194.0,3.0,76.0,0.0
2013-01-25,-100.0,-183.0,3.0,51.0,0.0
2013-01-26,-106.0,-172.0,28.0,76.0,46.0
2013-01-27,-72.0,-144.0,0.0,51.0,0.0
2013-01-28,-39.0,-133.0,13.0,51.0,18.0
2013-01-29,39.0,-50.0,56.0,51.0,13.0
2013-01-30,94.0,22.0,74.0,0.0,0.0
2013-01-31,139.0,0.0,406.0,0.0,0.0
2013-02-01,0.0,-94.0,5.0,0.0,13.0
2013-02-02,-67.0,-144.0,5.0,0.0,13.0
2013-02-03,-94.0,-144.0,13.0,25.0,25.0
2013-02-04,-56.0,-122.0,20.0,76.0,51.0
2013-02-05,-67.0,-122.0,15.0,76.0,25.0
2013-02-06,-39.0,-78.0,10.0,76.0,13.0
2013-02-07,-22.0,-122.0,10.0,76.0,13.0
2013-02-08,-17.0,-122.0,0.0,51.0,0.0
2013-02-09,6.0,-106.0,117.0,152.0,152.0
2013-02-10,-72.0,-144.0,3.0,127.0,0.0
2013-02-11,22.0,-144.0,20.0,102.0,0.0
2013-02-12,22.0,-11.0,10.0,51.0,0.0
2013-02-13,-6.0,-67.0,0.0,51.0,0.0
2013-02-14,22.0,-72.0,13.0,51.0,13.0
2013-02-15,6.0,-72.0,0.0,25.0,0.0
2013-02-16,39.0,-67.0,0.0,25.0,0.0
2013-02-17,-33.0,-106.0,10.0,51.0,25.0
2013-02-18,-78.0,-150.0,10.0,51.0,25.0
2013-02-19,-11.0,-150.0,0.0,51.0,0.0
2013-02-20,-6.0,-94.0,122.0,152.0,127.0
2013-02-21,-72.0,-100.0,8.0,127.0,0.0
2013-02-22,-39.0,-100.0,3.0,102.0,0.0
2013-02-23,-11.0,-100.0,3.0,102.0,0.0
2013-02-24,11.0,-22.0,28.0,76.0,0.0
2013-02-25,-11.0,-44.0,3.0,76.0,0.0
2013-02-26,17.0,-50.0,0.0,76.0,0.0
2013-02-27,17.0,-39.0,150.0,76.0,0.0
2013-02-28,22.0,-17.0,107.0,76.0,13.0
2013-03-01,11.0,-17.0,25.0,76.0,25.0
2013-03-02,-6.0,-61.0,5.0,76.0,0.0
2013-03-03,-28.0,-83.0,10.0,102.0,25.0
2013-03-04,-28.0,-89.0,5.0,102.0,13.0
2013-03-05,-22.0,-89.0,0.0,76.0,0.0
2013-03-06,11.0,-56.0,0.0,76.0,0.0
2013-03-07,11.0,-28.0,0.0,51.0,0.0
2013-03-08,11.0,-56.0,15.0,76.0,25.0
2013-03-09,0.0,-50.0,0.0,76.0,0.0
2013-03-10,83.0,-39.0,0.0,51.0,0.0
2013-03-11,106.0,39.0,0.0,25.0,0.0
2013-03-12,94.0,33.0,99.0,0.0,0.0
2013-03-13,83.0,-33.0,163.0,0.0,0.0
2013-03-14,17.0,-78.0,51.0,0.0,5.0
2013-03-15,-11.0,-78.0,0.0,0.0,0.0
2013-03-16,22.0,-78.0,0.0,0.0,0.0
2013-03-17,-28.0,-67.0,56.0,76.0,76.0
2013-03-18,-22.0,-94.0,0.0,51.0,0.0
2013-03-19,-33.0,-89.0,104.0,76.0,23.0
2013-03-20,28.0,-56.0,8.0,76.0,0.0
2013-03-21,0.0,-106.0,3.0,51.0,0.0
2013-03-22,-33.0,-106.0,0.0,51.0,0.0
2013-03-23,-6.0,-78.0,0.0,51.0,0.0
2013-03-24,11.0,-56.0,0.0,51.0,0.0
2013-03-25,22.0,-56.0,0.0,25.0,0.0
2013-03-26,17.0,-28.0,33.0,51.0,25.0
2013-03-27,50.0,-28.0,5.0,25.0,0.0
2013-03-28,50.0,-28.0,3.0,25.0,0.0
2013-03-29,33.0,-17.0,3.0,25.0,0.0
2013-03-30,50.0,-28.0,3.0,0.0,0.0
2013-03-31,94.0,-22.0,0.0,0.0,0.0
2013-04-01,72.0,33.0,107.0,0.0,0.0
2013-04-02,61.0,-67.0,3.0,0.0,0.0
2013-04-03,6.0,-67.0,5.0,0.0,0.0
2013-04-04,17.0,-78.0,0.0,0.0,0.0
2013-04-05,72.0,-78.0,0.0,0.0,0.0
2013-04-06,94.0,-56.0,0.0,0.0,0.0
2013-04-07,83.0,-50.0,0.0,0.0,0.0
2013-04-08,150.0,17.0,0.0,0.0,0.0
2013-04-09,200.0,28.0,0.0,0.0,0.0
2013-04-10,233.0,111.0,0.0,0.0,0.0
2013-04-11,233.0,39.0,201.0,0.0,0.0
2013-04-12,56.0,39.0,13.0,0.0,0.0
2013-04-13,61.0,11.0,137.0,0.0,0.0
2013-04-14,61.0,0.0,0.0,0.0,0.0
2013-04-15,106.0,6.0,0.0,0.0,0.0
2013-04-16,161.0,50.0,0.0,0.0,0.0
2013-04-17,156.0,28.0,109.0,0.0,0.0
2013-04-18,144.0,28.0,0.0,0.0,0.0
2013-04-19,139.0,106.0,0.0,0.0,0.0
2013-04-20,183.0,11.0,170.0,0.0,0.0
2013-04-21,72.0,-44.0,0.0,0.0,0.0
2013-04-22,67.0,-33.0,0.0,0.0,0.0
2013-04-23,117.0,0.0,0.0,0.0,0.0
2013-04-24,133.0,11.0,0.0,0.0,0.0
2013-04-25,183.0,11.0,112.0,0.0,0.0
2013-04-26,122.0,11.0,0.0,0.0,0.0
2013-04-27,133.0,11.0,0.0,0.0,0.0
2013-04-28,183.0,17.0,0.0,0.0,0.0
2013-04-29,167.0,78.0,10.0,0.0,0.0
2013-04-30,106.0,72.0,28.0,0.0,0.0
2013-05-01,156.0,56.0,5.0,0.0,0.0
2013-05-02,206.0,61.0,0.0,0.0,0.0
2013-05-03,217.0,83.0,0.0,0.0,0.0
2013-05-04,217.0,39.0,0.0,0.0,0.0
2013-05-05,211.0,39.0,0.0,0.0,0.0
2013-05-06,211.0,0.0,0.0,0.0,0.0
2013-05-07,217.0,28.0,0.0,0.0,0.0
2013-05-08,217.0,89.0,5.0,0.0,0.0
2013-05-09,178.0,83.0,119.0,0.0,0.0
2013-05-10,178.0,94.0,0.0,0.0,0.0
2013-05-11,200.0,128.0,231.0,0.0,0.0
2013-05-12,161.0,61.0,119.0,0.0,0.0
2013-05-13,106.0,-6.0,0.0,0.0,0.0
2013-05-14,61.0,-22.0,20.0,0.0,0.0
2013-05-15,128.0,-6.0,0.0,0.0,0.0
2013-05-16,200.0,83.0,5.0,0.0,0.0
2013-05-17,244.0,67.0,0.0,0.0,0.0
2013-05-18,189.0,72.0,0.0,0.0,0.0
2013-05-19,167.0,100.0,0.0,0.0,0.0
2013-05-20,144.0,117.0,8.0,0.0,0.0
2013-05-21,239.0,139.0,0.0,0.0,0.0
2013-05-22,278.0,183.0,0.0,0.0,0.0
2013-05-23,278.0,156.0,246.0,0.0,0.0
2013-05-24,206.0,39.0,183.0,0.0,0.0
2013-05-25,56.0,22.0,58.0,0.0,0.0
2013-05-26,117.0,33.0,0.0,0.0,0.0
2013-05-27,161.0,39.0,0.0,0.0,0.0
2013-05-28,183.0,89.0,8.0,0.0,0.0
2013-05-29,150.0,100.0,142.0,0.0,0.0
2013-05-30,256.0,150.0,0.0,0.0,0.0
2013-05-31,283.0,183.0,0.0,0.0,0.0
2013-06-01,294.0,183.0,0.0,0.0,0.0
2013-06-02,272.0,194.0,0.0,0.0,0.0
2013-06-03,250.0,144.0,0.0,0.0,0.0
2013-06-04,194.0,67.0,0.0,0.0,0.0
2013-06-05,200.0,72.0,0.0,0.0,0.0
2013-06-06,217.0,94.0,0.0,0.0,0.0
2013-06-07,156.0,117.0,48.0,0.0,0.0
2013-06-08,161.0,128.0,18.0,0.0,0.0
2013-06-09,211.0,100.0,0.0,0.0,0.0
2013-06-10,228.0,122.0,10.0,0.0,0.0
2013-06-11,172.0,150.0,163.0,0.0,0.0
2013-06-12,200.0,128.0,20.0,0.0,0.0
2013-06-13,233.0,133.0,163.0,0.0,0.0
2013-06-14,183.0,106.0,353.0,0.0,0.0
2013-06-15,189.0,100.0,25.0,0.0,0.0
2013-06-16,228.0,117.0,0.0,0.0,0.0
2013-06-17,217.0,144.0,0.0,0.0,0.0
2013-06-18,250.0,139.0,10.0,0.0,0.0
2013-06-19,222.0,89.0,0.0,0.0,0.0
2013-06-20,206.0,78.0,0.0,0.0,0.0
2013-06-21,233.0,111.0,0.0,0.0,0.0
2013-06-22,244.0,139.0,0.0,0.0,0.0
2013-06-23,250.0,161.0,0.0,0.0,0.0
2013-06-24,283.0,178.0,10.0,0.0,0.0
2013-06-25,289.0,183.0,64.0,0.0,0.0
2013-06-26,267.0,167.0,33.0,0.0,0.0
2013-06-27,244.0,161.0,0.0,0.0,0.0
2013-06-28,250.0,161.0,780.0,0.0,0.0
2013-06-29,244.0,144.0,89.0,0.0,0.0
2013-06-30,239.0,144.0,0.0,0.0,0.0
2013-07-01,267.0,167.0,262.0,0.0,0.0
2013-07-02,222.0,183.0,191.0,0.0,0.0
2013-07-03,244.0,194.0,28.0,0.0,0.0
2013-07-04,256.0,200.0,0.0,0.0,0.0
2013-07-05,272.0,200.0,0.0,0.0,0.0
2013-07-06,283.0,194.0,211.0,0.0,0.0
2013-07-07,278.0,211.0,0.0,0.0,0.0
2013-07-08,283.0,183.0,99.0,0.0,0.0
2013-07-09,244.0,172.0,25.0,0.0,0.0
2013-07-10,261.0,183.0,5.0,0.0,0.0
2013-07-11,256.0,167.0,69.0,0.0,0.0
2013-07-12,261.0,150.0,0.0,0.0,0.0
2013-07-13,239.0,156.0,48.0,0.0,0.0
2013-07-14,256.0,172.0,13.0,0.0,0.0
2013-07-15,278.0,161.0,0.0,0.0,0.0
2013-07-16,306.0,183.0,0.0,0.0,0.0
2013-07-17,306.0,183.0,0.0,0.0,0.0
2013-07-18,306.0,206.0,0.0,0.0,0.0
2013-07-19,311.0,200.0,0.0,0.0,0.0
2013-07-20,306.0,211.0,0.0,0.0,0.0
2013-07-21,272.0,161.0,0.0,0.0,0.0
2013-07-22,261.0,167.0,0.0,0.0,0.0
2013-07-23,261.0,172.0,678.0,0.0,0.0
2013-07-24,272.0,156.0,8.0,0.0,0.0
2013-07-25,194.0,83.0,0.0,0.0,0.0
2013-07-26,211.0,89.0,0.0,0.0,0.0
2013-07-27,250.0,89.0,0.0,0.0,0.0
2013-07-28,250.0,89.0,455.0,0.0,0.0
2013-07-29,233.0,111.0,58.0,0.0,0.0
2013-07-30,217.0,106.0,0.0,0.0,0.0
2013-07-31,217.0,106.0,0.0,0.0,0.0
2013-08-01,239.0,106.0,0.0,0.0,0.0
2013-08-02,222.0,133.0,91.0,0.0,0.0
2013-08-03,222.0,144.0,3.0,0.0,0.0
2013-08-04,239.0,111.0,0.0,0.0,0.0
2013-08-05,200.0,94.0,0.0,0.0,0.0
2013-08-06,211.0,106.0,0.0,0.0,0.0
2013-08-07,217.0,139.0,0.0,0.0,0.0
2013-08-08,189.0,161.0,28.0,0.0,0.0
2013-08-09,250.0,172.0,356.0,0.0,0.0
2013-08-10,244.0,133.0,224.0,0.0,0.0
2013-08-11,244.0,122.0,0.0,0.0,0.0
2013-08-12,228.0,128.0,0.0,0.0,0.0
2013-08-13,239.0,139.0,198.0,0.0,0.0
2013-08-14,228.0,89.0,61.0,0.0,0.0
2013-08-15,183.0,78.0,0.0,0.0,0.0
2013-08-16,206.0,78.0,0.0,0.0,0.0
2013-08-17,206.0,106.0,0.0,0.0,0.0
2013-08-18,222.0,111.0,0.0,0.0,0.0
2013-08-19,200.0,139.0,0.0,0.0,0.0
2013-08-20,217.0,139.0,0.0,0.0,0.0
2013-08-21,250.0,150.0,0.0,0.0,0.0
2013-08-22,250.0,156.0,0.0,0.0,0.0
2013-08-23,261.0,161.0,58.0,0.0,0.0
2013-08-24,228.0,106.0,0.0,0.0,0.0
2013-08-25,222.0,106.0,0.0,0.0,0.0
2013-08-26,228.0,122.0,30.0,0.0,0.0
2013-08-27,250.0,161.0,56.0,0.0,0.0
2013-08-28,256.0,183.0,33.0,0.0,0.0
2013-08-29,244.0,178.0,8.0,0.0,0.0
2013-08-30,267.0,150.0,0.0,0.0,0.0
2013-08-31,261.0,167.0,5.0,0.0,0.0
2013-09-01,261.0,178.0,8.0,0.0,0.0
2013-09-02,250.0,178.0,10.0,0.0,0.0
2013-09-03,261.0,161.0,0.0,0.0,0.0
2013-09-04,200.0,106.0,5.0,0.0,0.0
2013-09-05,233.0,117.0,0.0,0.0,0.0
2013-09-06,189.0,39.0,0.0,0.0,0.0
2013-09-07,194.0,39.0,0.0,0.0,0.0
2013-09-08,200.0,94.0,5.0,0.0,0.0
2013-09-09,178.0,39.0,3.0,0.0,0.0
2013-09-10,189.0,61.0,33.0,0.0,0.0
2013-09-11,278.0,167.0,0.0,0.0,0.0
2013-09-12,294.0,183.0,33.0,0.0,0.0
2013-09-13,228.0,122.0,175.0,0.0,0.0
2013-09-14,156.0,67.0,10.0,0.0,0.0
2013-09-15,111.0,39.0,10.0,0.0,0.0
2013-09-16,161.0,50.0,18.0,0.0,0.0
2013-09-17,156.0,22.0,0.0,0.0,0.0
2013-09-18,150.0,17.0,0.0,0.0,0.0
2013-09-19,172.0,50.0,0.0,0.0,0.0
2013-09-20,200.0,78.0,0.0,0.0,0.0
2013-09-21,217.0,117.0,0.0,0.0,0.0
2013-09-22,161.0,72.0,249.0,0.0,0.0
2013-09-23,128.0,61.0,0.0,0.0,0.0
2013-09-24,117.0,33.0,0.0,0.0,0.0
2013-09-25,172.0,39.0,0.0,0.0,0.0
2013-09-26,183.0,39.0,0.0,0.0,0.0
2013-09-27,183.0,61.0,0.0,0.0,0.0
2013-09-28,178.0,72.0,0.0,0.0,0.0
2013-09-29,178.0,78.0,0.0,0.0,0.0
2013-09-30,178.0,78.0,0.0,0.0,0.0
2013-10-01,194.0,89.0,0.0,0.0,0.0
2013-10-02,211.0,122.0,0.0,0.0,0.0
2013-10-03,228.0,106.0,0.0,0.0,0.0
2013-10-04,228.0,106.0,0.0,0.0,0.0
2013-10-05,228.0,156.0,8.0,0.0,0.0
2013-10-06,233.0,156.0,64.0,0.0,0.0
2013-10-07,239.0,172.0,5.0,0.0,0.0
2013-10-08,194.0,50.0,295.0,0.0,0.0
2013-10-09,150.0,33.0,0.0,0.0,0.0
2013-10-10,161.0,39.0,0.0,0.0,0.0
2013-10-11,139.0,50.0,89.0,0.0,0.0
2013-10-12,167.0,78.0,0.0,0.0,0.0
2013-10-13,211.0,94.0,0.0,0.0,0.0
2013-10-14,172.0,89.0,0.0,0.0,0.0
2013-10-15,156.0,89.0,0.0,0.0,0.0
2013-10-16,189.0,100.0,0.0,0.0,0.0
2013-10-17,144.0,111.0,10.0,0.0,0.0
2013-10-18,178.0,67.0,107.0,0.0,0.0
2013-10-19,128.0,56.0,0.0,0.0,0.0
2013-10-20,122.0,33.0,48.0,0.0,0.0
2013-10-21,106.0,28.0,0.0,0.0,0.0
2013-10-22,150.0,56.0,0.0,0.0,0.0
2013-10-23,117.0,11.0,5.0,0.0,0.0
2013-10-24,50.0,-11.0,10.0,0.0,0.0
2013-10-25,39.0,-11.0,3.0,0.0,0.0
2013-10-26,56.0,-17.0,13.0,0.0,0.0
2013-10-27,67.0,-17.0,0.0,0.0,0.0
2013-10-28,67.0,11.0,0.0,0.0,0.0
2013-10-29,106.0,-11.0,0.0,0.0,0.0
2013-10-30,72.0,-6.0,0.0,0.0,0.0
2013-10-31,139.0,-6.0,0.0,0.0,0.0
2013-11-01,150.0,100.0,295.0,0.0,0.0
2013-11-02,161.0,61.0,43.0,0.0,0.0
2013-11-03,111.0,0.0,10.0,0.0,0.0
2013-11-04,22.0,-61.0,0.0,0.0,0.0
2013-11-05,39.0,-61.0,0.0,0.0,0.0
2013-11-06,72.0,11.0,0.0,0.0,0.0
2013-11-07,117.0,72.0,99.0,0.0,0.0
2013-11-08,117.0,-11.0,66.0,0.0,0.0
2013-11-09,28.0,-22.0,3.0,0.0,0.0
2013-11-10,50.0,-17.0,0.0,0.0,0.0
2013-11-11,67.0,-11.0,30.0,0.0,0.0
2013-11-12,50.0,-56.0,25.0,25.0,25.0
2013-11-13,-22.0,-83.0,0.0,0.0,0.0
2013-11-14,-6.0,-78.0,0.0,25.0,0.0
2013-11-15,50.0,-44.0,0.0,0.0,0.0
2013-11-16,83.0,-44.0,0.0,0.0,0.0
2013-11-17,117.0,28.0,5.0,0.0,0.0
2013-11-18,128.0,67.0,140.0,0.0,0.0
2013-11-19,100.0,-6.0,3.0,0.0,0.0
2013-11-20,11.0,-61.0,0.0,0.0,0.0
2013-11-21,39.0,-61.0,0.0,0.0,0.0
2013-11-22,39.0,-22.0,30.0,0.0,0.0
2013-11-23,72.0,-39.0,10.0,0.0,0.0
2013-11-24,11.0,-122.0,5.0,0.0,0.0
2013-11-25,-72.0,-122.0,0.0,0.0,0.0
2013-11-26,-39.0,-122.0,20.0,25.0,25.0
2013-11-27,44.0,-50.0,442.0,25.0,30.0
2013-11-28,-6.0,-89.0,8.0,25.0,8.0
2013-11-29,-50.0,-89.0,3.0,25.0,5.0
2013-11-30,-44.0,-122.0,0.0,25.0,0.0
2013-12-01,-28.0,-100.0,0.0,25.0,0.0
2013-12-02,0.0,-44.0,13.0,25.0,13.0
2013-12-03,33.0,-6.0,5.0,25.0,0.0
2013-12-04,67.0,-28.0,3.0,25.0,0.0
2013-12-05,83.0,11.0,5.0,0.0,0.0
2013-12-06,111.0,17.0,150.0,0.0,0.0
2013-12-07,22.0,-44.0,102.0,51.0,51.0
2013-12-08,-22.0,-117.0,0.0,25.0,0.0
2013-12-09,-17.0,-117.0,23.0,25.0,0.0
2013-12-10,-6.0,-44.0,8.0,25.0,0.0
2013-12-11,-44.0,-106.0,13.0,51.0,25.0
2013-12-12,-56.0,-133.0,3.0,51.0,0.0
2013-12-13,-89.0,-144.0,0.0,51.0,0.0
2013-12-14,-50.0,-106.0,3.0,51.0,0.0
2013-12-15,-11.0,-100.0,211.0,254.0,229.0
2013-12-16,-22.0,-117.0,5.0,254.0,5.0
2013-12-17,-78.0,-139.0,18.0,254.0,25.0
2013-12-18,-61.0,-100.0,13.0,254.0,25.0
2013-12-19,-33.0,-72.0,3.0,229.0,0.0
2013-12-20,61.0,-56.0,0.0,178.0,0.0
2013-12-21,89.0,44.0,5.0,102.0,0.0
2013-12-22,150.0,67.0,132.0,0.0,0.0
2013-12-23,144.0,94.0,30.0,0.0,0.0
2013-12-24,94.0,-56.0,15.0,0.0,0.0
2013-12-25,-28.0,-150.0,20.0,25.0,25.0
2013-12-26,-72.0,-150.0,51.0,102.0,89.0
2013-12-27,-44.0,-78.0,5.0,102.0,25.0
2013-12-28,-6.0,-72.0,0.0,51.0,0.0
2013-12-29,61.0,-6.0,0.0,25.0,0.0
2013-12-30,50.0,0.0,249.0,25.0,0.0
2013-12-31,0.0,-100.0,3.0,25.0,0.0
2014-01-01,-61.0,-128.0,30.0,76.0,64.0
2014-01-02,-56.0,-106.0,15.0,102.0,25.0
2014-01-03,-72.0,-178.0,61.0,203.0,152.0
2014-01-04,-144.0,-194.0,0.0,178.0,0.0
2014-01-05,-67.0,-144.0,0.0,127.0,0.0
2014-01-06,78.0,-78.0,198.0,0.0,0.0
2014-01-07,28.0,-239.0,3.0,0.0,0.0
2014-01-08,-189.0,-244.0,0.0,0.0,0.0
2014-01-09,-100.0,-194.0,0.0,0.0,0.0
2014-01-10,-33.0,-122.0,43.0,51.0,51.0
2014-01-11,61.0,-44.0,86.0,0.0,0.0
2014-01-12,94.0,-6.0,165.0,0.0,0.0
2014-01-13,6.0,-33.0,0.0,0.0,0.0
2014-01-14,72.0,0.0,71.0,0.0,0.0
2014-01-15,39.0,-17.0,46.0,0.0,0.0
2014-01-16,17.0,-44.0,5.0,0.0,0.0
2014-01-17,-17.0,-67.0,3.0,0.0,0.0
2014-01-18,0.0,-50.0,30.0,51.0,51.0
2014-01-19,-50.0,-122.0,13.0,76.0,13.0
2014-01-20,-28.0,-122.0,3.0,51.0,5.0
2014-01-21,-11.0,-139.0,3.0,51.0,3.0
2014-01-22,-139.0,-222.0,15.0,51.0,25.0
2014-01-23,-150.0,-222.0,3.0,51.0,3.0
2014-01-24,-122.0,-206.0,10.0,51.0,13.0
2014-01-25,-111.0,-194.0,0.0,51.0,0.0
2014-01-26,-72.0,-167.0,20.0,102.0,51.0
2014-01-27,-28.0,-167.0,8.0,102.0,13.0
2014-01-28,-22.0,-206.0,3.0,102.0,0.0
2014-01-29,-139.0,-211.0,0.0,76.0,0.0
2014-01-30,-117.0,-206.0,0.0,76.0,0.0
2014-01-31,-61.0,-156.0,0.0,76.0,0.0
2014-02-01,-17.0,-83.0,0.0,76.0,0.0
2014-02-02,28.0,-28.0,3.0,25.0,0.0
2014-02-03,28.0,-50.0,10.0,25.0,0.0
2014-02-04,-50.0,-133.0,56.0,102.0,102.0
2014-02-05,-39.0,-122.0,180.0,279.0,178.0
2014-02-06,-17.0,-139.0,48.0,330.0,51.0
2014-02-07,-61.0,-128.0,0.0,305.0,0.0
2014-02-08,-61.0,-161.0,0.0,279.0,0.0
2014-02-09,-67.0,-161.0,3.0,254.0,3.0
2014-02-10,-78.0,-150.0,51.0,305.0,64.0
2014-02-11,-78.0,-161.0,3.0,279.0,5.0
2014-02-12,-100.0,-200.0,0.0,254.0,0.0
2014-02-13,-50.0,-189.0,18.0,254.0,13.0
2014-02-14,-44.0,-72.0,81.0,457.0,216.0
2014-02-15,-28.0,-56.0,13.0,457.0,25.0
2014-02-16,-39.0,-156.0,33.0,533.0,89.0
2014-02-17,-89.0,-161.0,10.0,559.0,25.0
2014-02-18,-44.0,-167.0,20.0,559.0,51.0
2014-02-19,17.0,-67.0,13.0,533.0,25.0
2014-02-20,22.0,-50.0,64.0,508.0,25.0
2014-02-21,50.0,-50.0,10.0,457.0,0.0
2014-02-22,67.0,-11.0,124.0,330.0,0.0
2014-02-23,72.0,-17.0,0.0,305.0,0.0
2014-02-24,56.0,-78.0,0.0,229.0,0.0
2014-02-25,-50.0,-100.0,3.0,229.0,3.0
2014-02-26,-56.0,-106.0,5.0,229.0,13.0
2014-02-27,-89.0,-139.0,3.0,229.0,5.0
2014-02-28,-78.0,-217.0,5.0,229.0,10.0
2014-03-01,-94.0,-217.0,0.0,229.0,0.0
2014-03-02,-22.0,-111.0,3.0,229.0,3.0
2014-03-03,-39.0,-161.0,5.0,229.0,5.0
2014-03-04,-100.0,-189.0,0.0,229.0,0.0
2014-03-05,-56.0,-178.0,0.0,229.0,0.0
2014-03-06,-39.0,-178.0,0.0,203.0,0.0
2014-03-07,-39.0,-178.0,0.0,203.0,0.0
2014-03-08,28.0,-72.0,0.0,178.0,0.0
2014-03-09,56.0,-39.0,8.0,152.0,5.0
2014-03-10,6.0,-50.0,0.0,152.0,0.0
2014-03-11,72.0,-22.0,0.0,127.0,0.0
2014-03-12,122.0,39.0,0.0,76.0,0.0
2014-03-13,50.0,-150.0,150.0,51.0,0.0
2014-03-14,-78.0,-150.0,3.0,51.0,3.0
2014-03-15,56.0,-83.0,0.0,25.0,0.0
2014-03-16,67.0,-89.0,0.0,25.0,0.0
2014-03-17,-56.0,-128.0,0.0,25.0,0.0
2014-03-18,-6.0,-128.0,0.0,25.0,0.0
2014-03-19,44.0,-61.0,0.0,25.0,0.0
2014-03-20,22.0,-22.0,10.0,25.0,0.0
2014-03-21,28.0,-28.0,8.0,25.0,5.0
2014-03-22,56.0,-28.0,0.0,25.0,0.0
2014-03-23,94.0,-33.0,3.0,0.0,0.0
2014-03-24,-22.0,-128.0,0.0,0.0,0.0
2014-03-25,-50.0,-128.0,0.0,0.0,0.0
2014-03-26,-28.0,-100.0,10.0,25.0,13.0
2014-03-27,-56.0,-133.0,5.0,0.0,5.0
2014-03-28,28.0,-122.0,30.0,0.0,0.0
2014-03-29,89.0,6.0,56.0,0.0,0.0
2014-03-30,50.0,-17.0,338.0,0.0,0.0
2014-03-31,-17.0,-28.0,8.0,0.0,13.0
2014-04-01,83.0,-33.0,0.0,0.0,0.0
2014-04-02,117.0,-33.0,0.0,0.0,0.0
2014-04-03,144.0,-6.0,0.0,0.0,0.0
2014-04-04,117.0,-6.0,76.0,0.0,0.0
2014-04-05,44.0,6.0,69.0,0.0,0.0
2014-04-06,33.0,-39.0,8.0,0.0,0.0
2014-04-07,128.0,-33.0,0.0,0.0,0.0
2014-04-08,72.0,11.0,157.0,0.0,0.0
2014-04-09,83.0,0.0,0.0,0.0,0.0
2014-04-10,100.0,0.0,0.0,0.0,0.0
2014-04-11,161.0,0.0,0.0,0.0,0.0
2014-04-12,133.0,11.0,117.0,0.0,0.0
2014-04-13,167.0,6.0,0.0,0.0,0.0
2014-04-14,233.0,111.0,0.0,0.0,0.0
2014-04-15,206.0,139.0,30.0,0.0,0.0
2014-04-16,144.0,-83.0,279.0,0.0,0.0
2014-04-17,22.0,-72.0,0.0,0.0,0.0
2014-04-18,89.0,-22.0,0.0,0.0,0.0
2014-04-19,94.0,-22.0,0.0,0.0,0.0
2014-04-20,111.0,-6.0,0.0,0.0,0.0
2014-04-21,161.0,22.0,0.0,0.0,0.0
2014-04-22,194.0,39.0,0.0,0.0,0.0
2014-04-23,156.0,17.0,20.0,0.0,0.0
2014-04-24,50.0,-17.0,5.0,0.0,0.0
2014-04-25,117.0,0.0,0.0,0.0,0.0
2014-04-26,156.0,28.0,66.0,0.0,0.0
2014-04-27,150.0,11.0,10.0,0.0,0.0
2014-04-28,94.0,-6.0,0.0,0.0,0.0
2014-04-29,144.0,11.0,0.0,0.0,0.0
2014-04-30,61.0,33.0,56.0,0.0,0.0
2014-05-01,111.0,50.0,183.0,0.0,0.0
2014-05-02,178.0,56.0,5.0,0.0,0.0
2014-05-03,117.0,61.0,0.0,0.0,0.0
2014-05-04,144.0,50.0,23.0,0.0,0.0
2014-05-05,128.0,28.0,0.0,0.0,0.0
2014-05-06,144.0,33.0,0.0,0.0,0.0
2014-05-07,150.0,33.0,0.0,0.0,0.0
2014-05-08,156.0,50.0,38.0,0.0,0.0
2014-05-09,239.0,89.0,5.0,0.0,0.0
2014-05-10,244.0,139.0,5.0,0.0,0.0
2014-05-11,217.0,94.0,0.0,0.0,0.0
2014-05-12,239.0,122.0,0.0,0.0,0.0
2014-05-13,239.0,150.0,3.0,0.0,0.0
2014-05-14,261.0,100.0,23.0,0.0,0.0
2014-05-15,222.0,111.0,0.0,0.0,0.0
2014-05-16,222.0,122.0,442.0,0.0,0.0
2014-05-17,128.0,33.0,236.0,0.0,0.0
2014-05-18,122.0,6.0,3.0,0.0,0.0
2014-05-19,133.0,33.0,0.0,0.0,0.0
2014-05-20,161.0,61.0,20.0,0.0,0.0
2014-05-21,183.0,106.0,8.0,0.0,0.0
2014-05-22,139.0,111.0,53.0,0.0,0.0
2014-05-23,228.0,72.0,193.0,0.0,0.0
2014-05-24,167.0,94.0,69.0,0.0,0.0
2014-05-25,194.0,83.0,0.0,0.0,0.0
2014-05-26,233.0,94.0,0.0,0.0,0.0
2014-05-27,267.0,156.0,0.0,0.0,0.0
2014-05-28,244.0,161.0,414.0,0.0,0.0
2014-05-29,222.0,89.0,0.0,0.0,0.0
2014-05-30,111.0,83.0,0.0,0.0,0.0
2014-05-31,217.0,94.0,0.0,0.0,0.0
2014-06-01,194.0,89.0,0.0,0.0,0.0
2014-06-02,211.0,89.0,0.0,0.0,0.0
2014-06-03,250.0,128.0,0.0,0.0,0.0
2014-06-04,250.0,117.0,188.0,0.0,0.0
2014-06-05,217.0,117.0,99.0,0.0,0.0
2014-06-06,189.0,78.0,0.0,0.0,0.0
2014-06-07,194.0,89.0,0.0,0.0,0.0
2014-06-08,244.0,111.0,0.0,0.0,0.0
2014-06-09,244.0,161.0,20.0,0.0,0.0
2014-06-10,183.0,156.0,5.0,0.0,0.0
2014-06-11,222.0,161.0,18.0,0.0,0.0
2014-06-12,183.0,150.0,97.0,0.0,0.0
2014-06-13,178.0,156.0,170.0,0.0,0.0
2014-06-14,233.0,111.0,48.0,0.0,0.0
2014-06-15,144.0,89.0,0.0,0.0,0.0
2014-06-16,222.0,100.0,0.0,0.0,0.0
2014-06-17,267.0,128.0,0.0,0.0,0.0
2014-06-18,272.0,178.0,5.0,0.0,0.0
2014-06-19,283.0,156.0,38.0,0.0,0.0
2014-06-20,228.0,78.0,25.0,0.0,0.0
2014-06-21,217.0,78.0,0.0,0.0,0.0
2014-06-22,228.0,106.0,0.0,0.0,0.0
2014-06-23,239.0,117.0,0.0,0.0,0.0
2014-06-24,239.0,156.0,0.0,0.0,0.0
2014-06-25,239.0,150.0,15.0,0.0,0.0
2014-06-26,250.0,167.0,196.0,0.0,0.0
2014-06-27,244.0,144.0,0.0,0.0,0.0
2014-06-28,256.0,156.0,8.0,0.0,0.0
2014-06-29,256.0,156.0,0.0,0.0,0.0
2014-06-30,244.0,178.0,0.0,0.0,0.0
2014-07-01,256.0,178.0,0.0,0.0,0.0
2014-07-02,283.0,200.0,0.0,0.0,0.0
2014-07-03,272.0,178.0,81.0,0.0,0.0
2014-07-04,278.0,133.0,343.0,0.0,0.0
2014-07-05,189.0,100.0,0.0,0.0,0.0
2014-07-06,239.0,122.0,0.0,0.0,0.0
2014-07-07,239.0,128.0,0.0,0.0,0.0
2014-07-08,256.0,172.0,406.0,0.0,0.0
2014-07-09,261.0,156.0,142.0,0.0,0.0
2014-07-10,256.0,128.0,150.0,0.0,0.0
2014-07-11,228.0,122.0,0.0,0.0,0.0
2014-07-12,244.0,128.0,0.0,0.0,0.0
2014-07-13,261.0,172.0,36.0,0.0,0.0
2014-07-14,256.0,178.0,71.0,0.0,0.0
2014-07-15,228.0,178.0,10.0,0.0,0.0
2014-07-16,233.0,122.0,84.0,0.0,0.0
2014-07-17,217.0,122.0,0.0,0.0,0.0
2014-07-18,211.0,100.0,0.0,0.0,0.0
2014-07-19,228.0,128.0,0.0,0.0,0.0
2014-07-20,228.0,150.0,0.0,0.0,0.0
2014-07-21,233.0,161.0,0.0,0.0,0.0
2014-07-22,244.0,167.0,0.0,0.0,0.0
2014-07-23,256.0,183.0,0.0,0.0,0.0
2014-07-24,272.0,150.0,25.0,0.0,0.0
2014-07-25,206.0,83.0,0.0,0.0,0.0
2014-07-26,233.0,100.0,0.0,0.0,0.0
2014-07-27,233.0,144.0,13.0,0.0,0.0
2014-07-28,272.0,156.0,107.0,0.0,0.0
2014-07-29,211.0,100.0,41.0,0.0,0.0
2014-07-30,172.0,100.0,0.0,0.0,0.0
2014-07-31,200.0,106.0,74.0,0.0,0.0
2014-08-01,211.0,122.0,0.0,0.0,0.0
2014-08-02,244.0,156.0,0.0,0.0,0.0
2014-08-03,228.0,156.0,0.0,0.0,0.0
2014-08-04,200.0,156.0,112.0,0.0,0.0
2014-08-05,250.0,156.0,0.0,0.0,0.0
2014-08-06,256.0,133.0,140.0,0.0,0.0
2014-08-07,233.0,100.0,0.0,0.0,0.0
2014-08-08,217.0,100.0,0.0,0.0,0.0
2014-08-09,228.0,106.0,0.0,0.0,0.0
2014-08-10,250.0,122.0,0.0,0.0,0.0
2014-08-11,250.0,156.0,0.0,0.0,0.0
2014-08-12,244.0,156.0,147.0,0.0,0.0
2014-08-13,178.0,156.0,508.0,0.0,0.0
2014-08-14,217.0,89.0,30.0,0.0,0.0
2014-08-15,200.0,94.0,0.0,0.0,0.0
2014-08-16,167.0,89.0,0.0,0.0,0.0
2014-08-17,194.0,106.0,33.0,0.0,0.0
2014-08-18,211.0,106.0,0.0,0.0,0.0
2014-08-19,233.0,100.0,0.0,0.0,0.0
2014-08-20,233.0,122.0,0.0,0.0,0.0
2014-08-21,228.0,172.0,10.0,0.0,0.0
2014-08-22,239.0,161.0,3.0,0.0,0.0
2014-08-23,233.0,150.0,384.0,0.0,0.0
2014-08-24,161.0,139.0,20.0,0.0,0.0
2014-08-25,222.0,117.0,0.0,0.0,0.0
2014-08-26,239.0,128.0,0.0,0.0,0.0
2014-08-27,239.0,144.0,0.0,0.0,0.0
2014-08-28,267.0,128.0,0.0,0.0,0.0
2014-08-29,194.0,78.0,0.0,0.0,0.0
2014-08-30,206.0,83.0,0.0,0.0,0.0
2014-08-31,200.0,156.0,0.0,0.0,0.0
2014-09-01,217.0,183.0,46.0,0.0,0.0
2014-09-02,250.0,189.0,0.0,0.0,0.0
2014-09-03,261.0,144.0,145.0,0.0,0.0
2014-09-04,239.0,144.0,0.0,0.0,0.0
2014-09-05,244.0,150.0,0.0,0.0,0.0
2014-09-06,267.0,189.0,0.0,0.0,0.0
2014-09-07,256.0,100.0,56.0,0.0,0.0
2014-09-08,194.0,89.0,0.0,0.0,0.0
2014-09-09,206.0,89.0,0.0,0.0,0.0
2014-09-10,189.0,128.0,0.0,0.0,0.0
2014-09-11,189.0,144.0,51.0,0.0,0.0
2014-09-12,228.0,94.0,20.0,0.0,0.0
2014-09-13,122.0,61.0,0.0,0.0,0.0
2014-09-14,144.0,61.0,86.0,0.0,0.0
2014-09-15,144.0,44.0,0.0,0.0,0.0
2014-09-16,156.0,50.0,10.0,0.0,0.0
2014-09-17,156.0,44.0,0.0,0.0,0.0
2014-09-18,161.0,50.0,0.0,0.0,0.0
2014-09-19,178.0,44.0,0.0,0.0,0.0
2014-09-20,161.0,44.0,0.0,0.0,0.0
2014-09-21,189.0,122.0,0.0,0.0,0.0
2014-09-22,228.0,94.0,188.0,0.0,0.0
2014-09-23,122.0,28.0,5.0,0.0,0.0
2014-09-24,178.0,39.0,0.0,0.0,0.0
2014-09-25,189.0,78.0,0.0,0.0,0.0
2014-09-26,172.0,78.0,0.0,0.0,0.0
2014-09-27,200.0,78.0,0.0,0.0,0.0
2014-09-28,228.0,78.0,0.0,0.0,0.0
2014-09-29,228.0,111.0,0.0,0.0,0.0
2014-09-30,206.0,122.0,0.0,0.0,0.0
2014-10-01,206.0,122.0,0.0,0.0,0.0
2014-10-02,189.0,100.0,8.0,0.0,0.0
2014-10-03,172.0,94.0,0.0,0.0,0.0
2014-10-04,167.0,122.0,84.0,0.0,0.0
2014-10-05,128.0,6.0,33.0,0.0,0.0
2014-10-06,78.0,11.0,0.0,0.0,0.0
2014-10-07,161.0,44.0,38.0,0.0,0.0
2014-10-08,161.0,100.0,193.0,0.0,0.0
2014-10-09,150.0,61.0,0.0,0.0,0.0
2014-10-10,139.0,28.0,0.0,0.0,0.0
2014-10-11,128.0,33.0,0.0,0.0,0.0
2014-10-12,133.0,6.0,0.0,0.0,0.0
2014-10-13,128.0,11.0,0.0,0.0,0.0
2014-10-14,161.0,89.0,10.0,0.0,0.0
2014-10-15,189.0,161.0,127.0,0.0,0.0
2014-10-16,183.0,133.0,528.0,0.0,0.0
2014-10-17,172.0,89.0,0.0,0.0,0.0
2014-10-18,156.0,94.0,0.0,0.0,0.0
2014-10-19,117.0,17.0,13.0,0.0,0.0
2014-10-20,61.0,0.0,3.0,0.0,0.0
2014-10-21,100.0,17.0,0.0,0.0,0.0
2014-10-22,106.0,67.0,23.0,0.0,0.0
2014-10-23,78.0,44.0,102.0,0.0,0.0
2014-10-24,83.0,50.0,10.0,0.0,0.0
2014-10-25,150.0,33.0,0.0,0.0,0.0
2014-10-26,161.0,61.0,0.0,0.0,0.0
2014-10-27,106.0,11.0,0.0,0.0,0.0
2014-10-28,133.0,11.0,0.0,0.0,0.0
2014-10-29,211.0,111.0,13.0,0.0,0.0
2014-10-30,111.0,44.0,30.0,0.0,0.0
2014-10-31,72.0,-6.0,0.0,0.0,0.0
2014-11-01,72.0,6.0,0.0,0.0,0.0
2014-11-02,50.0,-11.0,5.0,0.0,0.0
2014-11-03,22.0,-11.0,0.0,0.0,0.0
2014-11-04,122.0,17.0,0.0,0.0,0.0
2014-11-05,156.0,83.0,0.0,0.0,0.0
2014-11-06,111.0,44.0,10.0,0.0,0.0
2014-11-07,61.0,22.0,61.0,0.0,0.0
2014-11-08,33.0,-44.0,30.0,0.0,0.0
2014-11-09,39.0,-39.0,0.0,0.0,0.0
2014-11-10,67.0,17.0,3.0,0.0,0.0
2014-11-11,122.0,39.0,0.0,0.0,0.0
2014-11-12,139.0,67.0,0.0,0.0,0.0
2014-11-13,111.0,-28.0,0.0,0.0,0.0
2014-11-14,11.0,-56.0,8.0,0.0,5.0
2014-11-15,-6.0,-72.0,8.0,0.0,8.0
2014-11-16,-6.0,-67.0,0.0,0.0,0.0
2014-11-17,0.0,-28.0,58.0,0.0,0.0
2014-11-18,22.0,-106.0,112.0,0.0,0.0
2014-11-19,-78.0,-139.0,0.0,0.0,0.0
2014-11-20,-44.0,-133.0,3.0,0.0,0.0
2014-11-21,-22.0,-100.0,0.0,0.0,0.0
2014-11-22,-39.0,-100.0,0.0,0.0,0.0
2014-11-23,28.0,-83.0,3.0,0.0,0.0
2014-11-24,128.0,6.0,183.0,0.0,0.0
2014-11-25,167.0,22.0,0.0,0.0,0.0
2014-11-26,61.0,-17.0,0.0,0.0,0.0
2014-11-27,-11.0,-44.0,135.0,229.0,279.0
2014-11-28,-17.0,-67.0,15.0,203.0,25.0
2014-11-29,-44.0,-111.0,0.0,127.0,0.0
2014-11-30,11.0,-83.0,3.0,102.0,0.0
2014-12-01,94.0,11.0,0.0,25.0,0.0
2014-12-02,106.0,-67.0,0.0,0.0,0.0
2014-12-03,17.0,-67.0,107.0,0.0,13.0
2014-12-04,6.0,-39.0,5.0,0.0,0.0
2014-12-05,-6.0,-61.0,0.0,0.0,0.0
2014-12-06,0.0,-33.0,102.0,0.0,0.0
2014-12-07,17.0,-50.0,91.0,0.0,13.0
2014-12-08,-17.0,-89.0,0.0,0.0,0.0
2014-12-09,-11.0,-89.0,8.0,0.0,0.0
2014-12-10,6.0,-22.0,25.0,51.0,51.0
2014-12-11,-22.0,-67.0,137.0,229.0,178.0
2014-12-12,-44.0,-67.0,20.0,254.0,51.0
2014-12-13,-28.0,-50.0,5.0,178.0,0.0
2014-12-14,-6.0,-28.0,0.0,152.0,0.0
2014-12-15,11.0,-11.0,8.0,102.0,0.0
2014-12-16,11.0,-11.0,0.0,76.0,0.0
2014-12-17,44.0,11.0,15.0,25.0,0.0
2014-12-18,33.0,-33.0,8.0,0.0,0.0
2014-12-19,-11.0,-39.0,3.0,0.0,0.0
2014-12-20,-33.0,-56.0,0.0,0.0,0.0
2014-12-21,-39.0,-56.0,0.0,0.0,0.0
2014-12-22,-28.0,-78.0,0.0,0.0,0.0
2014-12-23,44.0,-44.0,46.0,0.0,0.0
2014-12-24,61.0,44.0,61.0,0.0,0.0
2014-12-25,106.0,17.0,178.0,0.0,0.0
2014-12-26,39.0,-28.0,0.0,0.0,0.0
2014-12-27,39.0,-28.0,0.0,0.0,0.0
2014-12-28,78.0,6.0,15.0,0.0,0.0
2014-12-29,56.0,-39.0,0.0,0.0,0.0
2014-12-30,-6.0,-72.0,0.0,0.0,0.0
2014-12-31,-39.0,-89.0,0.0,0.0,0.0
2015-01-01,-56.0,-111.0,0.0,0.0,0.0
2015-01-02,-17.0,-111.0,0.0,0.0,0.0
2015-01-03,-6.0,-61.0,0.0,0.0,0.0
2015-01-04,33.0,-56.0,175.0,0.0,51.0
2015-01-05,61.0,-61.0,0.0,0.0,0.0
2015-01-06,-61.0,-144.0,0.0,0.0,0.0
2015-01-07,-111.0,-144.0,33.0,51.0,51.0
2015-01-08,-117.0,-211.0,15.0,51.0,25.0
2015-01-09,-111.0,-194.0,41.0,178.0,140.0
2015-01-10,-83.0,-194.0,25.0,279.0,102.0
2015-01-11,-111.0,-194.0,0.0,229.0,0.0
2015-01-12,-28.0,-111.0,13.0,152.0,13.0
2015-01-13,-6.0,-150.0,20.0,127.0,25.0
2015-01-14,-111.0,-183.0,0.0,127.0,0.0
2015-01-15,-67.0,-117.0,0.0,127.0,0.0
2015-01-16,-44.0,-100.0,0.0,102.0,0.0
2015-01-17,-22.0,-172.0,5.0,102.0,13.0
2015-01-18,-17.0,-172.0,0.0,102.0,0.0
2015-01-19,22.0,-28.0,13.0,76.0,13.0
2015-01-20,-11.0,-44.0,0.0,76.0,0.0
2015-01-21,-22.0,-122.0,0.0,76.0,0.0
2015-01-22,-28.0,-122.0,25.0,127.0,51.0
2015-01-23,-17.0,-106.0,0.0,102.0,0.0
2015-01-24,-28.0,-72.0,64.0,152.0,89.0
2015-01-25,6.0,-33.0,10.0,127.0,13.0
2015-01-26,-17.0,-128.0,36.0,152.0,38.0
2015-01-27,-67.0,-117.0,36.0,178.0,38.0
2015-01-28,-72.0,-144.0,0.0,178.0,0.0
2015-01-29,-50.0,-139.0,0.0,178.0,0.0
2015-01-30,-28.0,-133.0,76.0,254.0,76.0
2015-01-31,-44.0,-172.0,18.0,305.0,38.0
2015-02-01,-78.0,-172.0,0.0,279.0,0.0
2015-02-02,-11.0,-78.0,175.0,432.0,152.0
2015-02-03,-6.0,-178.0,20.0,457.0,25.0
2015-02-04,-72.0,-178.0,13.0,381.0,13.0
2015-02-05,-6.0,-106.0,15.0,356.0,38.0
2015-02-06,-100.0,-189.0,0.0,330.0,0.0
2015-02-07,-72.0,-178.0,0.0,305.0,0.0
2015-02-08,17.0,-72.0,0.0,305.0,0.0
2015-02-09,39.0,-72.0,41.0,279.0,0.0
2015-02-10,-6.0,-83.0,23.0,279.0,0.0
2015-02-11,-61.0,-117.0,0.0,279.0,0.0
2015-02-12,-17.0,-117.0,3.0,254.0,3.0
2015-02-13,-33.0,-206.0,8.0,254.0,13.0
2015-02-14,-111.0,-206.0,10.0,305.0,25.0
2015-02-15,-83.0,-217.0,89.0,508.0,229.0
2015-02-16,-172.0,-233.0,0.0,432.0,0.0
2015-02-17,-139.0,-228.0,8.0,432.0,13.0
2015-02-18,-78.0,-172.0,0.0,406.0,0.0
2015-02-19,-67.0,-172.0,25.0,483.0,64.0
2015-02-20,-139.0,-244.0,0.0,483.0,0.0
2015-02-21,-128.0,-244.0,0.0,457.0,0.0
2015-02-22,-61.0,-128.0,74.0,457.0,89.0
2015-02-23,6.0,-144.0,5.0,406.0,13.0
2015-02-24,-133.0,-222.0,0.0,381.0,0.0
2015-02-25,-94.0,-222.0,0.0,381.0,0.0
2015-02-26,-22.0,-139.0,0.0,356.0,0.0
2015-02-27,-83.0,-172.0,3.0,356.0,5.0
2015-02-28,-78.0,-194.0,0.0,356.0,0.0
2015-03-01,-61.0,-194.0,13.0,356.0,13.0
2015-03-02,-44.0,-106.0,64.0,432.0,84.0
2015-03-03,-28.0,-139.0,3.0,432.0,0.0
2015-03-04,-11.0,-117.0,112.0,406.0,38.0
2015-03-05,6.0,-106.0,3.0,381.0,0.0
2015-03-06,-106.0,-200.0,0.0,381.0,0.0
2015-03-07,-72.0,-200.0,0.0,381.0,0.0
2015-03-08,0.0,-128.0,3.0,381.0,0.0
2015-03-09,39.0,-22.0,0.0,356.0,0.0
2015-03-10,67.0,-28.0,0.0,254.0,0.0
2015-03-11,72.0,-22.0,0.0,178.0,0.0
2015-03-12,100.0,-22.0,0.0,178.0,0.0
2015-03-13,33.0,-67.0,0.0,178.0,0.0
2015-03-14,39.0,-67.0,130.0,152.0,0.0
2015-03-15,39.0,-6.0,30.0,127.0,0.0
2015-03-16,-6.0,-44.0,0.0,127.0,0.0
2015-03-17,83.0,-39.0,8.0,102.0,0.0
2015-03-18,72.0,-78.0,0.0,76.0,0.0
2015-03-19,-6.0,-89.0,0.0,76.0,0.0
2015-03-20,11.0,-89.0,0.0,76.0,0.0
2015-03-21,-22.0,-56.0,71.0,127.0,81.0
2015-03-22,33.0,-72.0,3.0,76.0,0.0
2015-03-23,-11.0,-100.0,0.0,76.0,0.0
2015-03-24,-22.0,-117.0,0.0,76.0,0.0
2015-03-25,28.0,-111.0,0.0,51.0,0.0
2015-03-26,22.0,-28.0,18.0,51.0,0.0
2015-03-27,89.0,-11.0,76.0,51.0,0.0
2015-03-28,17.0,-89.0,13.0,76.0,25.0
2015-03-29,-50.0,-117.0,3.0,51.0,0.0
2015-03-30,28.0,-111.0,5.0,25.0,0.0
2015-03-31,56.0,-28.0,8.0,25.0,0.0
2015-04-01,-6.0,-67.0,89.0,127.0,114.0
2015-04-02,67.0,-61.0,0.0,51.0,0.0
2015-04-03,144.0,28.0,56.0,25.0,0.0
2015-04-04,117.0,17.0,91.0,0.0,0.0
2015-04-05,39.0,-22.0,0.0,0.0,0.0
2015-04-06,89.0,-17.0,8.0,0.0,0.0
2015-04-07,167.0,6.0,25.0,0.0,0.0
2015-04-08,94.0,33.0,79.0,0.0,0.0
2015-04-09,33.0,0.0,43.0,0.0,0.0
2015-04-10,33.0,6.0,185.0,0.0,0.0
2015-04-11,83.0,28.0,20.0,0.0,0.0
2015-04-12,94.0,-11.0,0.0,0.0,0.0
2015-04-13,161.0,11.0,0.0,0.0,0.0
2015-04-14,211.0,56.0,51.0,0.0,0.0
2015-04-15,144.0,39.0,0.0,0.0,0.0
2015-04-16,144.0,11.0,0.0,0.0,0.0
2015-04-17,167.0,17.0,36.0,0.0,0.0
2015-04-18,178.0,22.0,0.0,0.0,0.0
2015-04-19,228.0,33.0,0.0,0.0,0.0
2015-04-20,172.0,39.0,112.0,0.0,0.0
2015-04-21,167.0,67.0,335.0,0.0,0.0
2015-04-22,117.0,33.0,0.0,0.0,0.0
2015-04-23,72.0,-22.0,69.0,0.0,13.0
2015-04-24,11.0,-33.0,10.0,0.0,0.0
2015-04-25,67.0,-28.0,0.0,0.0,0.0
2015-04-26,94.0,-22.0,0.0,0.0,0.0
2015-04-27,100.0,17.0,0.0,0.0,0.0
2015-04-28,78.0,33.0,5.0,0.0,0.0
2015-04-29,156.0,44.0,0.0,0.0,0.0
2015-04-30,194.0,61.0,0.0,0.0,0.0
2015-05-01,183.0,61.0,5.0,0.0,0.0
2015-05-02,139.0,56.0,8.0,0.0,0.0
2015-05-03,200.0,83.0,0.0,0.0,0.0
2015-05-04,222.0,106.0,0.0,0.0,0.0
2015-05-05,256.0,128.0,8.0,0.0,0.0
2015-05-06,228.0,100.0,33.0,0.0,0.0
2015-05-07,150.0,100.0,64.0,0.0,0.0
2015-05-08,233.0,122.0,0.0,0.0,0.0
2015-05-09,278.0,139.0,0.0,0.0,0.0
2015-05-10,250.0,150.0,0.0,0.0,0.0
2015-05-11,261.0,161.0,0.0,0.0,0.0
2015-05-12,261.0,167.0,5.0,0.0,0.0
2015-05-13,233.0,78.0,0.0,0.0,0.0
2015-05-14,111.0,17.0,0.0,0.0,0.0
2015-05-15,183.0,22.0,0.0,0.0,0.0
2015-05-16,200.0,89.0,18.0,0.0,0.0
2015-05-17,222.0,128.0,132.0,0.0,0.0
2015-05-18,250.0,167.0,0.0,0.0,0.0
2015-05-19,267.0,161.0,211.0,0.0,0.0
2015-05-20,256.0,67.0,0.0,0.0,0.0
2015-05-21,111.0,44.0,0.0,0.0,0.0
2015-05-22,100.0,50.0,10.0,0.0,0.0
2015-05-23,178.0,0.0,0.0,0.0,0.0
2015-05-24,178.0,22.0,0.0,0.0,0.0
2015-05-25,239.0,128.0,0.0,0.0,0.0
2015-05-26,267.0,161.0,0.0,0.0,0.0
2015-05-27,250.0,161.0,10.0,0.0,0.0
2015-05-28,228.0,172.0,203.0,0.0,0.0
2015-05-29,244.0,100.0,0.0,0.0,0.0
2015-05-30,256.0,122.0,0.0,0.0,0.0
2015-05-31,256.0,178.0,38.0,0.0,0.0
2015-06-01,200.0,117.0,81.0,0.0,0.0
2015-06-02,178.0,94.0,20.0,0.0,0.0
2015-06-03,128.0,78.0,8.0,0.0,0.0
2015-06-04,200.0,94.0,0.0,0.0,0.0
2015-06-05,189.0,111.0,8.0,0.0,0.0
2015-06-06,228.0,117.0,23.0,0.0,0.0
2015-06-07,183.0,67.0,5.0,0.0,0.0
2015-06-08,200.0,117.0,66.0,0.0,0.0
2015-06-09,233.0,133.0,155.0,0.0,0.0
2015-06-10,206.0,111.0,132.0,0.0,0.0
2015-06-11,239.0,144.0,8.0,0.0,0.0
2015-06-12,278.0,161.0,0.0,0.0,0.0
2015-06-13,283.0,161.0,112.0,0.0,0.0
2015-06-14,233.0,139.0,0.0,0.0,0.0
2015-06-15,250.0,167.0,25.0,0.0,0.0
2015-06-16,272.0,194.0,226.0,0.0,0.0
2015-06-17,244.0,117.0,124.0,0.0,0.0
2015-06-18,222.0,156.0,8.0,0.0,0.0
2015-06-19,206.0,156.0,53.0,0.0,0.0
2015-06-20,217.0,122.0,211.0,0.0,0.0
2015-06-21,211.0,133.0,175.0,0.0,0.0
2015-06-22,256.0,144.0,18.0,0.0,0.0
2015-06-23,267.0,178.0,0.0,0.0,0.0
2015-06-24,256.0,117.0,10.0,0.0,0.0
2015-06-25,239.0,122.0,0.0,0.0,0.0
2015-06-26,211.0,128.0,8.0,0.0,0.0
2015-06-27,233.0,150.0,147.0,0.0,0.0
2015-06-28,150.0,111.0,328.0,0.0,0.0
2015-06-29,161.0,117.0,46.0,0.0,0.0
2015-06-30,222.0,122.0,33.0,0.0,0.0
2015-07-01,233.0,150.0,348.0,0.0,0.0
2015-07-02,217.0,122.0,0.0,0.0,0.0
2015-07-03,217.0,111.0,0.0,0.0,0.0
2015-07-04,228.0,117.0,292.0,0.0,0.0
2015-07-05,178.0,133.0,89.0,0.0,0.0
2015-07-06,250.0,133.0,0.0,0.0,0.0
2015-07-07,250.0,172.0,15.0,0.0,0.0
2015-07-08,261.0,189.0,38.0,0.0,0.0
2015-07-09,217.0,156.0,10.0,0.0,0.0
2015-07-10,228.0,133.0,66.0,0.0,0.0
2015-07-11,244.0,117.0,0.0,0.0,0.0
2015-07-12,261.0,139.0,0.0,0.0,0.0
2015-07-13,256.0,161.0,0.0,0.0,0.0
2015-07-14,261.0,172.0,15.0,0.0,0.0
2015-07-15,250.0,167.0,170.0,0.0,0.0
2015-07-16,178.0,83.0,0.0,0.0,0.0
2015-07-17,233.0,94.0,0.0,0.0,0.0
2015-07-18,217.0,133.0,8.0,0.0,0.0
2015-07-19,278.0,183.0,58.0,0.0,0.0
2015-07-20,283.0,178.0,61.0,0.0,0.0
2015-07-21,272.0,183.0,0.0,0.0,0.0
2015-07-22,261.0,128.0,38.0,0.0,0.0
2015-07-23,228.0,106.0,0.0,0.0,0.0
2015-07-24,239.0,117.0,0.0,0.0,0.0
2015-07-25,244.0,133.0,0.0,0.0,0.0
2015-07-26,256.0,133.0,0.0,0.0,0.0
2015-07-27,267.0,178.0,89.0,0.0,0.0
2015-07-28,261.0,161.0,5.0,,0.0
2015-07-29,294.0,167.0,0.0,0.0,0.0
2015-07-30,283.0,178.0,0.0,0.0,0.0
2015-07-31,278.0,150.0,38.0,0.0,0.0
2015-08-01,261.0,156.0,0.0,0.0,0.0
2015-08-02,250.0,133.0,5.0,,
2015-08-03,256.0,144.0,0.0,0.0,0.0
2015-08-04,261.0,172.0,0.0,0.0,0.0
2015-08-05,261.0,133.0,0.0,0.0,0.0
2015-08-06,228.0,106.0,0.0,0.0,0.0
2015-08-07,206.0,100.0,0.0,0.0,0.0
2015-08-08,233.0,106.0,0.0,0.0,0.0
2015-08-09,239.0,128.0,0.0,0.0,0.0
2015-08-10,250.0,139.0,0.0,0.0,0.0
2015-08-11,183.0,167.0,284.0,0.0,0.0
2015-08-12,233.0,144.0,13.0,0.0,0.0
2015-08-13,211.0,106.0,33.0,0.0,0.0
2015-08-14,217.0,106.0,0.0,0.0,0.0
2015-08-15,261.0,150.0,0.0,0.0,0.0
2015-08-16,278.0,161.0,5.0,0.0,0.0
2015-08-17,278.0,161.0,8.0,0.0,0.0
2015-08-18,289.0,183.0,0.0,0.0,0.0
2015-08-19,283.0,194.0,10.0,0.0,0.0
2015-08-20,261.0,194.0,8.0,0.0,0.0
2015-08-21,228.0,150.0,201.0,0.0,0.0
2015-08-22,228.0,100.0,0.0,0.0,0.0
2015-08-23,211.0,100.0,0.0,0.0,0.0
2015-08-24,228.0,117.0,0.0,0.0,0.0
2015-08-25,244.0,128.0,0.0,0.0,0.0
2015-08-26,217.0,100.0,0.0,0.0,0.0
2015-08-27,189.0,100.0,0.0,0.0,0.0
2015-08-28,178.0,100.0,0.0,0.0,0.0
2015-08-29,222.0,100.0,0.0,0.0,0.0
2015-08-30,239.0,128.0,0.0,0.0,0.0
2015-08-31,261.0,167.0,0.0,0.0,0.0
2015-09-01,267.0,156.0,0.0,0.0,0.0
2015-09-02,278.0,156.0,0.0,0.0,0.0
2015-09-03,272.0,161.0,0.0,0.0,0.0
2015-09-04,283.0,172.0,0.0,0.0,0.0
2015-09-05,272.0,167.0,0.0,0.0,0.0
2015-09-06,244.0,156.0,3.0,0.0,0.0
2015-09-07,261.0,161.0,0.0,0.0,0.0
2015-09-08,278.0,161.0,0.0,0.0,0.0
2015-09-09,294.0,189.0,0.0,0.0,0.0
2015-09-10,283.0,161.0,241.0,0.0,0.0
2015-09-11,167.0,128.0,66.0,0.0,0.0
2015-09-12,228.0,122.0,0.0,0.0,0.0
2015-09-13,189.0,117.0,119.0,0.0,0.0
2015-09-14,150.0,89.0,8.0,0.0,0.0
2015-09-15,189.0,83.0,0.0,0.0,0.0
2015-09-16,233.0,83.0,0.0,0.0,0.0
2015-09-17,244.0,122.0,0.0,0.0,0.0
2015-09-18,239.0,128.0,0.0,0.0,0.0
2015-09-19,244.0,133.0,0.0,0.0,0.0
2015-09-20,233.0,111.0,8.0,0.0,0.0
2015-09-21,167.0,61.0,0.0,0.0,0.0
2015-09-22,144.0,61.0,0.0,0.0,0.0
2015-09-23,200.0,61.0,0.0,0.0,0.0
2015-09-24,217.0,78.0,0.0,0.0,0.0
2015-09-25,233.0,89.0,0.0,0.0,0.0
2015-09-26,194.0,94.0,0.0,0.0,0.0
2015-09-27,194.0,94.0,0.0,0.0,0.0
2015-09-28,189.0,94.0,0.0,0.0,0.0
2015-09-29,206.0,144.0,66.0,0.0,0.0
2015-09-30,194.0,161.0,411.0,0.0,0.0
2015-10-01,161.0,56.0,38.0,0.0,0.0
2015-10-02,89.0,44.0,0.0,0.0,0.0
2015-10-03,78.0,33.0,20.0,0.0,0.0
2015-10-04,61.0,33.0,112.0,0.0,0.0
2015-10-05,150.0,44.0,0.0,0.0,0.0
2015-10-06,156.0,39.0,0.0,0.0,0.0
2015-10-07,172.0,94.0,0.0,0.0,0.0
2015-10-08,172.0,78.0,0.0,0.0,0.0
2015-10-09,172.0,78.0,0.0,0.0,0.0
2015-10-10,189.0,44.0,46.0,0.0,0.0
2015-10-11,122.0,50.0,0.0,0.0,0.0
2015-10-12,161.0,50.0,0.0,0.0,0.0
2015-10-13,139.0,83.0,0.0,0.0,0.0
2015-10-14,139.0,83.0,10.0,0.0,0.0
2015-10-15,117.0,28.0,0.0,0.0,0.0
2015-10-16,128.0,28.0,5.0,0.0,0.0
2015-10-17,117.0,6.0,81.0,0.0,0.0
2015-10-18,44.0,-28.0,0.0,0.0,0.0
2015-10-19,33.0,-44.0,0.0,0.0,0.0
2015-10-20,72.0,-44.0,0.0,0.0,0.0
2015-10-21,183.0,72.0,0.0,0.0,0.0
2015-10-22,189.0,83.0,0.0,0.0,0.0
2015-10-23,189.0,44.0,0.0,0.0,0.0
2015-10-24,94.0,6.0,0.0,0.0,0.0
2015-10-25,89.0,17.0,71.0,0.0,0.0
2015-10-26,117.0,11.0,0.0,0.0,0.0
2015-10-27,89.0,-6.0,0.0,0.0,0.0
2015-10-28,100.0,11.0,20.0,0.0,0.0
2015-10-29,161.0,78.0,457.0,0.0,0.0
2015-10-30,117.0,28.0,8.0,0.0,0.0
2015-10-31,83.0,-17.0,0.0,0.0,0.0
2015-11-01,72.0,-17.0,0.0,0.0,0.0
2015-11-02,150.0,50.0,0.0,0.0,0.0
2015-11-03,144.0,50.0,0.0,0.0,0.0
2015-11-04,206.0,67.0,0.0,0.0,0.0
2015-11-05,200.0,117.0,0.0,0.0,0.0
2015-11-06,194.0,128.0,0.0,0.0,0.0
2015-11-07,178.0,89.0,0.0,0.0,0.0
2015-11-08,94.0,6.0,0.0,0.0,0.0
2015-11-09,83.0,-6.0,0.0,0.0,0.0
2015-11-10,100.0,11.0,0.0,0.0,0.0
2015-11-11,117.0,83.0,262.0,0.0,0.0
2015-11-12,100.0,67.0,5.0,0.0,0.0
2015-11-13,94.0,56.0,107.0,0.0,0.0
2015-11-14,61.0,6.0,0.0,0.0,0.0
2015-11-15,28.0,-11.0,0.0,0.0,0.0
2015-11-16,122.0,0.0,0.0,0.0,0.0
2015-11-17,150.0,-6.0,0.0,0.0,0.0
2015-11-18,89.0,-6.0,0.0,0.0,0.0
2015-11-19,117.0,39.0,46.0,0.0,0.0
2015-11-20,139.0,17.0,155.0,0.0,0.0
2015-11-21,61.0,-17.0,0.0,0.0,0.0
2015-11-22,56.0,-22.0,0.0,0.0,0.0
2015-11-23,33.0,-56.0,0.0,0.0,0.0
2015-11-24,-11.0,-56.0,0.0,0.0,0.0
2015-11-25,17.0,-28.0,0.0,0.0,0.0
2015-11-26,61.0,-28.0,0.0,0.0,0.0
2015-11-27,100.0,33.0,0.0,0.0,0.0
2015-11-28,128.0,56.0,20.0,0.0,0.0
2015-11-29,56.0,-39.0,8.0,0.0,0.0
2015-11-30,11.0,-78.0,0.0,0.0,0.0
2015-12-01,44.0,-78.0,53.0,0.0,0.0
2015-12-02,72.0,44.0,61.0,0.0,0.0
2015-12-03,83.0,11.0,94.0,0.0,0.0
2015-12-04,83.0,-6.0,36.0,0.0,0.0
2015-12-05,50.0,-22.0,0.0,0.0,0.0
2015-12-06,61.0,-22.0,0.0,0.0,0.0
2015-12-07,78.0,-22.0,0.0,0.0,0.0
2015-12-08,67.0,-17.0,0.0,0.0,0.0
2015-12-09,39.0,-22.0,0.0,0.0,0.0
2015-12-10,50.0,-6.0,10.0,0.0,0.0
2015-12-11,83.0,33.0,0.0,0.0,0.0
2015-12-12,89.0,56.0,0.0,0.0,0.0
2015-12-13,139.0,67.0,3.0,0.0,0.0
2015-12-14,167.0,117.0,0.0,0.0,0.0
2015-12-15,144.0,67.0,185.0,0.0,0.0
2015-12-16,89.0,17.0,0.0,0.0,0.0
2015-12-17,56.0,17.0,0.0,0.0,0.0
2015-12-18,89.0,-6.0,43.0,0.0,0.0
2015-12-19,11.0,-50.0,0.0,0.0,0.0
2015-12-20,-28.0,-56.0,0.0,0.0,0.0
2015-12-21,6.0,-50.0,0.0,0.0,0.0
2015-12-22,78.0,0.0,84.0,0.0,0.0
2015-12-23,89.0,67.0,112.0,0.0,0.0
2015-12-24,144.0,83.0,112.0,0.0,0.0
2015-12-25,144.0,83.0,20.0,0.0,0.0
2015-12-26,144.0,22.0,0.0,0.0,0.0
2015-12-27,67.0,22.0,30.0,0.0,0.0
2015-12-28,94.0,-28.0,38.0,0.0,0.0
2015-12-29,6.0,-39.0,132.0,0.0,13.0
2015-12-30,39.0,6.0,23.0,0.0,0.0
2015-12-31,50.0,17.0,0.0,0.0,0.0
2016-01-01,17.0,-28.0,0.0,0.0,0.0
2016-01-02,-22.0,-50.0,0.0,0.0,0.0
2016-01-03,-28.0,-50.0,0.0,0.0,0.0
2016-01-04,-17.0,-100.0,0.0,0.0,0.0
2016-01-05,-100.0,-161.0,0.0,0.0,0.0
2016-01-06,-50.0,-161.0,0.0,0.0,0.0
2016-01-07,-11.0,-111.0,0.0,0.0,0.0
2016-01-08,28.0,-78.0,0.0,0.0,0.0
2016-01-09,6.0,-61.0,0.0,0.0,0.0
2016-01-10,67.0,6.0,345.0,0.0,0.0
2016-01-11,89.0,-83.0,117.0,0.0,0.0
2016-01-12,-67.0,-117.0,0.0,0.0,0.0
2016-01-13,-50.0,-128.0,56.0,76.0,64.0
2016-01-14,-94.0,-133.0,0.0,76.0,0.0
2016-01-15,22.0,-106.0,0.0,51.0,0.0
2016-01-16,56.0,0.0,69.0,0.0,0.0
2016-01-17,28.0,-33.0,0.0,0.0,0.0
2016-01-18,-28.0,-144.0,10.0,0.0,5.0
2016-01-19,-111.0,-161.0,0.0,0.0,0.0
2016-01-20,-72.0,-156.0,0.0,0.0,0.0
2016-01-21,-44.0,-89.0,0.0,0.0,0.0
2016-01-22,-56.0,-128.0,0.0,0.0,0.0
2016-01-23,-83.0,-128.0,0.0,0.0,0.0
2016-01-24,-61.0,-122.0,0.0,0.0,0.0
2016-01-25,-28.0,-117.0,0.0,0.0,0.0
2016-01-26,0.0,-61.0,0.0,0.0,0.0
2016-01-27,39.0,-22.0,0.0,0.0,0.0
2016-01-28,0.0,-72.0,0.0,0.0,0.0
2016-01-29,-11.0,-67.0,0.0,0.0,0.0
2016-01-30,-17.0,-94.0,0.0,0.0,0.0
2016-01-31,28.0,-83.0,0.0,0.0,0.0
2016-02-01,106.0,11.0,0.0,0.0,0.0
2016-02-02,78.0,-39.0,0.0,0.0,0.0
2016-02-03,56.0,-39.0,48.0,0.0,0.0
2016-02-04,94.0,-28.0,269.0,0.0,0.0
2016-02-05,94.0,-28.0,0.0,0.0,0.0
2016-02-06,-17.0,-78.0,0.0,0.0,0.0
2016-02-07,11.0,-67.0,0.0,0.0,0.0
2016-02-08,50.0,-50.0,0.0,0.0,0.0
2016-02-09,22.0,-44.0,10.0,0.0,0.0
2016-02-10,-17.0,-50.0,33.0,25.0,38.0
2016-02-11,-39.0,-139.0,5.0,51.0,13.0
2016-02-12,-100.0,-161.0,0.0,51.0,0.0
2016-02-13,-106.0,-161.0,13.0,51.0,20.0
2016-02-14,-150.0,-233.0,0.0,51.0,0.0
2016-02-15,-128.0,-239.0,0.0,51.0,0.0
2016-02-16,33.0,-139.0,224.0,51.0,76.0
2016-02-17,83.0,-28.0,452.0,0.0,0.0
2016-02-18,-22.0,-111.0,0.0,0.0,0.0
2016-02-19,-56.0,-122.0,0.0,0.0,0.0
2016-02-20,0.0,-78.0,0.0,0.0,0.0
2016-02-21,133.0,-11.0,0.0,0.0,0.0
2016-02-22,83.0,-33.0,0.0,0.0,0.0
2016-02-23,39.0,-44.0,0.0,0.0,0.0
2016-02-24,17.0,-28.0,36.0,0.0,0.0
2016-02-25,122.0,17.0,351.0,0.0,0.0
2016-02-26,44.0,-67.0,46.0,25.0,25.0
2016-02-27,-39.0,-89.0,0.0,25.0,0.0
2016-02-28,-6.0,-89.0,0.0,0.0,0.0
2016-02-29,122.0,-11.0,0.0,0.0,0.0
2016-03-01,67.0,-39.0,0.0,0.0,0.0
2016-03-02,106.0,-50.0,43.0,0.0,0.0
2016-03-03,-22.0,-117.0,0.0,0.0,0.0
2016-03-04,-28.0,-117.0,18.0,25.0,20.0
2016-03-05,-22.0,-117.0,0.0,0.0,0.0
2016-03-06,-11.0,-100.0,0.0,0.0,0.0
2016-03-07,33.0,-50.0,0.0,0.0,0.0
2016-03-08,144.0,-6.0,0.0,0.0,0.0
2016-03-09,200.0,72.0,0.0,0.0,0.0
2016-03-10,217.0,144.0,0.0,0.0,0.0
2016-03-11,144.0,56.0,109.0,0.0,0.0
2016-03-12,94.0,-22.0,0.0,0.0,0.0
2016-03-13,139.0,-6.0,0.0,0.0,0.0
2016-03-14,122.0,17.0,61.0,0.0,0.0
2016-03-15,56.0,17.0,18.0,0.0,0.0
2016-03-16,106.0,39.0,0.0,0.0,0.0
2016-03-17,128.0,39.0,13.0,0.0,0.0
2016-03-18,122.0,17.0,0.0,0.0,0.0
2016-03-19,72.0,-56.0,0.0,0.0,0.0
2016-03-20,22.0,-78.0,0.0,0.0,0.0
2016-03-21,11.0,-72.0,0.0,0.0,0.0
2016-03-22,22.0,-50.0,0.0,0.0,0.0
2016-03-23,94.0,-44.0,0.0,0.0,0.0
2016-03-24,178.0,11.0,0.0,0.0,0.0
2016-03-25,178.0,22.0,51.0,0.0,0.0
2016-03-26,128.0,-39.0,5.0,0.0,0.0
2016-03-27,111.0,-39.0,0.0,0.0,0.0
2016-03-28,94.0,0.0,122.0,0.0,0.0
2016-03-29,94.0,0.0,10.0,0.0,0.0
2016-03-30,56.0,-44.0,0.0,0.0,0.0
2016-03-31,117.0,-28.0,0.0,0.0,0.0
2016-04-01,167.0,72.0,0.0,0.0,0.0
2016-04-02,178.0,39.0,53.0,0.0,0.0
2016-04-03,89.0,-78.0,122.0,51.0,51.0
2016-04-04,17.0,-83.0,0.0,25.0,0.0
2016-04-05,44.0,-106.0,8.0,0.0,0.0
2016-04-06,-6.0,-100.0,0.0,0.0,0.0
2016-04-07,61.0,-67.0,0.0,0.0,0.0
2016-04-08,78.0,-17.0,244.0,0.0,0.0
2016-04-09,33.0,-28.0,0.0,0.0,0.0
2016-04-10,-17.0,-100.0,41.0,51.0,58.0
2016-04-11,28.0,-94.0,0.0,0.0,0.0
2016-04-12,106.0,11.0,51.0,0.0,0.0
2016-04-13,67.0,-28.0,0.0,0.0,0.0
2016-04-14,83.0,-22.0,0.0,0.0,0.0
2016-04-15,128.0,0.0,0.0,0.0,0.0
2016-04-16,172.0,11.0,0.0,0.0,0.0
2016-04-17,183.0,33.0,0.0,0.0,0.0
2016-04-18,222.0,67.0,0.0,0.0,0.0
2016-04-19,233.0,94.0,0.0,0.0,0.0
2016-04-20,128.0,28.0,0.0,0.0,0.0
2016-04-21,183.0,33.0,0.0,0.0,0.0
2016-04-22,189.0,83.0,0.0,0.0,0.0
2016-04-23,183.0,72.0,15.0,0.0,0.0
2016-04-24,100.0,0.0,0.0,0.0,0.0
2016-04-25,167.0,28.0,0.0,0.0,0.0
2016-04-26,194.0,72.0,46.0,0.0,0.0
2016-04-27,194.0,0.0,20.0,0.0,0.0
2016-04-28,150.0,0.0,0.0,0.0,0.0
2016-04-29,83.0,28.0,56.0,0.0,0.0
2016-04-30,67.0,39.0,23.0,0.0,0.0
2016-05-01,89.0,33.0,84.0,0.0,0.0
2016-05-02,72.0,28.0,122.0,0.0,0.0
2016-05-03,133.0,50.0,58.0,0.0,0.0
2016-05-04,89.0,50.0,13.0,0.0,0.0
2016-05-05,133.0,56.0,20.0,0.0,0.0
2016-05-06,100.0,56.0,0.0,0.0,0.0
2016-05-07,94.0,61.0,84.0,0.0,0.0
2016-05-08,133.0,61.0,30.0,0.0,0.0
2016-05-09,133.0,44.0,0.0,0.0,0.0
2016-05-10,183.0,17.0,0.0,0.0,0.0
2016-05-11,128.0,33.0,0.0,0.0,0.0
2016-05-12,189.0,67.0,0.0,0.0,0.0
2016-05-13,228.0,128.0,8.0,0.0,0.0
2016-05-14,200.0,83.0,97.0,0.0,0.0
2016-05-15,161.0,11.0,41.0,0.0,0.0
2016-05-16,72.0,-11.0,8.0,0.0,0.0
2016-05-17,150.0,6.0,0.0,0.0,0.0
2016-05-18,150.0,50.0,0.0,,0.0
2016-05-19,167.0,39.0,0.0,0.0,0.0
2016-05-20,172.0,50.0,0.0,0.0,0.0
2016-05-21,206.0,83.0,0.0,0.0,0.0
2016-05-22,139.0,83.0,38.0,0.0,0.0
2016-05-23,133.0,89.0,102.0,0.0,0.0
2016-05-24,222.0,89.0,0.0,0.0,0.0
2016-05-25,244.0,117.0,0.0,0.0,0.0
2016-05-26,278.0,133.0,0.0,0.0,0.0
2016-05-27,267.0,172.0,0.0,0.0,0.0
2016-05-28,278.0,172.0,30.0,0.0,0.0
2016-05-29,294.0,183.0,0.0,0.0,0.0
2016-05-30,278.0,144.0,15.0,0.0,0.0
2016-05-31,261.0,133.0,5.0,0.0,0.0
2016-06-01,261.0,128.0,0.0,0.0,0.0
2016-06-02,272.0,139.0,0.0,0.0,0.0
2016-06-03,233.0,156.0,,0.0,0.0
2016-06-04,233.0,161.0,,0.0,0.0
2016-06-05,228.0,178.0,25.0,0.0,0.0
2016-06-06,200.0,133.0,262.0,0.0,0.0
2016-06-07,239.0,139.0,25.0,0.0,0.0
2016-06-08,211.0,78.0,33.0,0.0,0.0
2016-06-09,133.0,44.0,107.0,0.0,0.0
2016-06-10,172.0,67.0,0.0,0.0,0.0
2016-06-11,206.0,106.0,0.0,0.0,0.0
2016-06-12,289.0,150.0,0.0,0.0,0.0
2016-06-13,211.0,89.0,0.0,0.0,0.0
2016-06-14,189.0,78.0,0.0,0.0,0.0
2016-06-15,217.0,94.0,0.0,0.0,0.0
2016-06-16,239.0,106.0,64.0,0.0,0.0
2016-06-17,189.0,117.0,5.0,0.0,0.0
2016-06-18,250.0,122.0,0.0,0.0,0.0
2016-06-19,267.0,150.0,0.0,0.0,0.0
2016-06-20,272.0,172.0,0.0,0.0,0.0
2016-06-21,272.0,156.0,114.0,0.0,0.0
2016-06-22,244.0,128.0,0.0,0.0,0.0
2016-06-23,244.0,139.0,0.0,0.0,0.0
2016-06-24,239.0,117.0,0.0,0.0,0.0
2016-06-25,250.0,139.0,0.0,0.0,0.0
2016-06-26,261.0,156.0,0.0,0.0,0.0
2016-06-27,261.0,172.0,0.0,0.0,0.0
2016-06-28,228.0,183.0,10.0,0.0,0.0
2016-06-29,261.0,122.0,20.0,0.0,0.0
2016-06-30,222.0,117.0,0.0,0.0,0.0
2016-07-01,239.0,139.0,0.0,0.0,0.0
2016-07-02,244.0,111.0,38.0,0.0,0.0
2016-07-03,228.0,106.0,0.0,0.0,0.0
2016-07-04,228.0,128.0,0.0,0.0,0.0
2016-07-05,239.0,133.0,56.0,0.0,0.0
2016-07-06,261.0,167.0,20.0,0.0,0.0
2016-07-07,311.0,167.0,0.0,0.0,0.0
2016-07-08,294.0,183.0,15.0,0.0,0.0
2016-07-09,278.0,200.0,0.0,0.0,0.0
2016-07-10,283.0,150.0,48.0,0.0,0.0
2016-07-11,233.0,111.0,0.0,0.0,0.0
2016-07-12,267.0,156.0,0.0,0.0,0.0
2016-07-13,283.0,161.0,0.0,0.0,0.0
2016-07-14,272.0,194.0,0.0,0.0,0.0
2016-07-15,289.0,200.0,135.0,0.0,0.0
2016-07-16,283.0,161.0,0.0,0.0,0.0
2016-07-17,272.0,167.0,0.0,0.0,0.0
2016-07-18,267.0,161.0,0.0,0.0,0.0
2016-07-19,278.0,150.0,23.0,0.0,0.0
2016-07-20,250.0,111.0,0.0,0.0,0.0
2016-07-21,261.0,139.0,0.0,0.0,0.0
2016-07-22,289.0,178.0,0.0,0.0,0.0
2016-07-23,317.0,194.0,8.0,0.0,0.0
2016-07-24,317.0,161.0,0.0,0.0,0.0
2016-07-25,311.0,194.0,0.0,0.0,0.0
2016-07-26,311.0,161.0,43.0,0.0,0.0
2016-07-27,300.0,156.0,0.0,0.0,0.0
2016-07-28,294.0,150.0,0.0,0.0,0.0
2016-07-29,289.0,178.0,0.0,0.0,0.0
2016-07-30,294.0,172.0,0.0,0.0,0.0
2016-07-31,244.0,178.0,391.0,0.0,0.0
2016-08-01,267.0,178.0,0.0,0.0,0.0
2016-08-02,272.0,156.0,122.0,0.0,0.0
2016-08-03,267.0,144.0,0.0,0.0,0.0
2016-08-04,233.0,150.0,0.0,0.0,0.0
2016-08-05,250.0,156.0,0.0,0.0,0.0
2016-08-06,233.0,183.0,0.0,0.0,0.0
2016-08-07,283.0,144.0,0.0,0.0,0.0
2016-08-08,272.0,133.0,0.0,0.0,0.0
2016-08-09,267.0,139.0,0.0,0.0,0.0
2016-08-10,261.0,156.0,0.0,0.0,0.0
2016-08-11,261.0,200.0,64.0,0.0,0.0
2016-08-12,289.0,194.0,457.0,0.0,0.0
2016-08-13,278.0,211.0,0.0,0.0,0.0
2016-08-14,306.0,206.0,69.0,0.0,0.0
2016-08-15,272.0,189.0,28.0,0.0,0.0
2016-08-16,256.0,189.0,0.0,0.0,0.0
2016-08-17,261.0,183.0,173.0,0.0,0.0
2016-08-18,261.0,167.0,38.0,0.0,0.0
2016-08-19,239.0,156.0,48.0,0.0,0.0
2016-08-20,267.0,156.0,0.0,0.0,0.0
2016-08-21,267.0,172.0,0.0,0.0,0.0
2016-08-22,211.0,128.0,335.0,0.0,0.0
2016-08-23,206.0,106.0,0.0,0.0,0.0
2016-08-24,233.0,106.0,0.0,0.0,0.0
2016-08-25,250.0,144.0,0.0,0.0,0.0
2016-08-26,256.0,178.0,8.0,0.0,0.0
2016-08-27,272.0,161.0,0.0,0.0,0.0
2016-08-28,261.0,156.0,0.0,0.0,0.0
2016-08-29,272.0,183.0,0.0,0.0,0.0
2016-08-30,250.0,128.0,0.0,0.0,0.0
2016-08-31,250.0,128.0,0.0,0.0,0.0
2016-09-01,228.0,167.0,28.0,0.0,0.0
2016-09-02,217.0,117.0,0.0,0.0,0.0
2016-09-03,211.0,106.0,0.0,0.0,0.0
2016-09-04,217.0,106.0,0.0,0.0,0.0
2016-09-05,228.0,111.0,0.0,0.0,0.0
2016-09-06,261.0,122.0,0.0,0.0,0.0
2016-09-07,261.0,133.0,0.0,0.0,0.0
2016-09-08,283.0,144.0,13.0,0.0,0.0
2016-09-09,289.0,189.0,13.0,0.0,0.0
2016-09-10,256.0,183.0,107.0,0.0,0.0
2016-09-11,278.0,161.0,8.0,0.0,0.0
2016-09-12,206.0,83.0,0.0,0.0,0.0
2016-09-13,211.0,83.0,0.0,0.0,0.0
2016-09-14,250.0,144.0,0.0,0.0,0.0
2016-09-15,250.0,83.0,109.0,0.0,0.0
2016-09-16,183.0,83.0,0.0,0.0,0.0
2016-09-17,200.0,106.0,0.0,0.0,0.0
2016-09-18,200.0,122.0,53.0,0.0,0.0
2016-09-19,211.0,111.0,508.0,0.0,0.0
2016-09-20,217.0,128.0,8.0,0.0,0.0
2016-09-21,250.0,133.0,0.0,0.0,0.0
2016-09-22,233.0,122.0,0.0,0.0,0.0
2016-09-23,244.0,128.0,0.0,0.0,0.0
2016-09-24,256.0,94.0,0.0,0.0,0.0
2016-09-25,161.0,44.0,0.0,0.0,0.0
2016-09-26,156.0,56.0,0.0,0.0,0.0
2016-09-27,150.0,89.0,30.0,0.0,0.0
2016-09-28,178.0,89.0,0.0,0.0,0.0
2016-09-29,194.0,106.0,8.0,0.0,0.0
2016-09-30,128.0,83.0,64.0,0.0,0.0
2016-10-01,117.0,78.0,84.0,0.0,0.0
2016-10-02,178.0,106.0,109.0,0.0,0.0
2016-10-03,144.0,100.0,8.0,0.0,0.0
2016-10-04,172.0,94.0,0.0,0.0,0.0
2016-10-05,167.0,83.0,0.0,0.0,0.0
2016-10-06,178.0,67.0,0.0,0.0,0.0
2016-10-07,183.0,72.0,0.0,0.0,0.0
2016-10-08,194.0,94.0,0.0,0.0,0.0
2016-10-09,150.0,61.0,23.0,0.0,0.0
2016-10-10,122.0,33.0,0.0,0.0,0.0
2016-10-11,106.0,6.0,0.0,0.0,0.0
2016-10-12,150.0,0.0,0.0,0.0,0.0
2016-10-13,156.0,56.0,0.0,0.0,0.0
2016-10-14,144.0,17.0,0.0,0.0,0.0
2016-10-15,117.0,17.0,0.0,0.0,0.0
2016-10-16,144.0,28.0,0.0,0.0,0.0
2016-10-17,167.0,89.0,127.0,0.0,0.0
2016-10-18,183.0,128.0,5.0,0.0,0.0
2016-10-19,217.0,150.0,3.0,0.0,0.0
2016-10-20,206.0,100.0,10.0,0.0,0.0
2016-10-21,211.0,122.0,64.0,0.0,0.0
2016-10-22,189.0,22.0,173.0,0.0,0.0
2016-10-23,111.0,22.0,58.0,0.0,0.0
2016-10-24,117.0,33.0,81.0,0.0,0.0
2016-10-25,94.0,33.0,0.0,0.0,0.0
2016-10-26,50.0,-22.0,0.0,0.0,0.0
2016-10-27,39.0,-22.0,43.0,0.0,0.0
2016-10-28,61.0,-6.0,142.0,0.0,0.0
2016-10-29,61.0,0.0,0.0,0.0,0.0
2016-10-30,161.0,50.0,0.0,0.0,0.0
2016-10-31,161.0,11.0,61.0,0.0,0.0
2016-11-01,56.0,-11.0,0.0,0.0,0.0
2016-11-02,78.0,6.0,0.0,0.0,0.0
2016-11-03,189.0,67.0,0.0,0.0,0.0
2016-11-04,156.0,56.0,10.0,0.0,0.0
2016-11-05,89.0,11.0,0.0,0.0,0.0
2016-11-06,128.0,17.0,0.0,0.0,0.0
2016-11-07,89.0,-11.0,0.0,0.0,0.0
2016-11-08,122.0,-17.0,0.0,0.0,0.0
2016-11-09,150.0,50.0,36.0,0.0,0.0
2016-11-10,83.0,-17.0,25.0,0.0,0.0
2016-11-11,94.0,-17.0,0.0,0.0,0.0
2016-11-12,78.0,-22.0,0.0,0.0,0.0
2016-11-13,61.0,-33.0,0.0,0.0,0.0
2016-11-14,94.0,-11.0,0.0,0.0,0.0
2016-11-15,122.0,22.0,0.0,0.0,0.0
2016-11-16,117.0,28.0,0.0,0.0,0.0
2016-11-17,89.0,17.0,0.0,0.0,0.0
2016-11-18,89.0,17.0,0.0,0.0,0.0
2016-11-19,178.0,44.0,0.0,0.0,0.0
2016-11-20,172.0,-33.0,109.0,152.0,145.0
2016-11-21,-17.0,-44.0,38.0,152.0,25.0
2016-11-22,-6.0,-39.0,0.0,127.0,0.0
2016-11-23,-11.0,-61.0,0.0,102.0,0.0
2016-11-24,17.0,-67.0,8.0,102.0,0.0
2016-11-25,39.0,6.0,0.0,25.0,0.0
2016-11-26,56.0,-6.0,5.0,0.0,0.0
2016-11-27,28.0,-11.0,20.0,0.0,13.0
2016-11-28,33.0,-17.0,0.0,0.0,0.0
2016-11-29,72.0,-17.0,25.0,0.0,0.0
2016-11-30,94.0,61.0,25.0,0.0,0.0
2016-12-01,106.0,39.0,284.0,0.0,0.0
2016-12-02,39.0,-6.0,0.0,0.0,0.0
2016-12-03,28.0,-11.0,10.0,0.0,8.0
2016-12-04,22.0,-22.0,0.0,0.0,0.0
2016-12-05,11.0,-22.0,66.0,51.0,51.0
2016-12-06,28.0,-33.0,0.0,51.0,0.0
2016-12-07,22.0,-33.0,117.0,25.0,28.0
2016-12-08,22.0,-22.0,0.0,25.0,0.0
2016-12-09,-6.0,-56.0,0.0,25.0,0.0
2016-12-10,-28.0,-67.0,5.0,25.0,5.0
2016-12-11,-44.0,-94.0,0.0,25.0,8.0
2016-12-12,-22.0,-83.0,140.0,152.0,127.0
2016-12-13,0.0,-44.0,0.0,127.0,0.0
2016-12-14,-22.0,-56.0,69.0,203.0,97.0
2016-12-15,-39.0,-122.0,0.0,178.0,0.0
2016-12-16,-122.0,-178.0,0.0,178.0,0.0
2016-12-17,-78.0,-178.0,84.0,229.0,51.0
2016-12-18,67.0,-78.0,305.0,102.0,0.0
2016-12-19,72.0,-122.0,91.0,76.0,0.0
2016-12-20,-78.0,-133.0,0.0,76.0,0.0
2016-12-21,-44.0,-122.0,0.0,76.0,0.0
2016-12-22,11.0,-56.0,0.0,76.0,0.0
2016-12-23,17.0,-33.0,0.0,51.0,0.0
2016-12-24,17.0,-44.0,0.0,51.0,0.0
2016-12-25,28.0,-6.0,0.0,51.0,0.0
2016-12-26,22.0,-39.0,0.0,51.0,0.0
2016-12-27,61.0,-17.0,28.0,0.0,0.0
2016-12-28,72.0,-22.0,0.0,0.0,0.0
2016-12-29,-22.0,-50.0,3.0,0.0,5.0
2016-12-30,-6.0,-39.0,86.0,51.0,56.0
2016-12-31,-22.0,-67.0,0.0,51.0,0.0
2017-01-01,6.0,-67.0,5.0,51.0,0.0
2017-01-02,22.0,-28.0,0.0,51.0,0.0
2017-01-03,17.0,-6.0,0.0,25.0,0.0
2017-01-04,33.0,11.0,112.0,0.0,0.0
2017-01-05,28.0,-100.0,0.0,0.0,0.0
2017-01-06,-67.0,-117.0,23.0,51.0,41.0
2017-01-07,-78.0,-139.0,0.0,51.0,0.0
2017-01-08,-94.0,-156.0,0.0,25.0,0.0
2017-01-09,-106.0,-172.0,0.0,25.0,0.0
2017-01-10,-94.0,-156.0,0.0,0.0,0.0
2017-01-11,-6.0,-100.0,99.0,25.0,13.0
2017-01-12,61.0,-11.0,58.0,0.0,0.0
2017-01-13,100.0,-11.0,132.0,0.0,0.0
2017-01-14,-6.0,-83.0,0.0,0.0,0.0
2017-01-15,-44.0,-89.0,30.0,25.0,25.0
2017-01-16,-33.0,-94.0,0.0,25.0,0.0
2017-01-17,11.0,-89.0,5.0,25.0,0.0
2017-01-18,22.0,-6.0,81.0,0.0,0.0
2017-01-19,28.0,0.0,18.0,0.0,0.0
2017-01-20,33.0,-17.0,0.0,0.0,0.0
2017-01-21,22.0,-17.0,91.0,0.0,0.0
2017-01-22,78.0,6.0,0.0,0.0,0.0
2017-01-23,150.0,17.0,0.0,0.0,0.0
2017-01-24,17.0,-17.0,269.0,102.0,91.0
2017-01-25,-6.0,-28.0,10.0,102.0,25.0
2017-01-26,56.0,-6.0,0.0,51.0,0.0
2017-01-27,33.0,-17.0,0.0,25.0,0.0
2017-01-28,0.0,-44.0,0.0,25.0,0.0
2017-01-29,-33.0,-50.0,0.0,25.0,0.0
2017-01-30,-17.0,-94.0,0.0,25.0,0.0
2017-01-31,-39.0,-100.0,0.0,25.0,0.0
2017-02-01,-11.0,-94.0,38.0,51.0,51.0
2017-02-02,11.0,-56.0,0.0,51.0,0.0
2017-02-03,11.0,-117.0,0.0,51.0,0.0
2017-02-04,-67.0,-128.0,0.0,51.0,0.0
2017-02-05,-44.0,-128.0,0.0,51.0,0.0
2017-02-06,6.0,-56.0,0.0,51.0,0.0
2017-02-07,56.0,-44.0,5.0,51.0,0.0
2017-02-08,78.0,28.0,124.0,0.0,0.0
2017-02-09,72.0,-83.0,147.0,127.0,137.0
2017-02-10,-83.0,-128.0,15.0,127.0,0.0
2017-02-11,-50.0,-117.0,5.0,127.0,0.0
2017-02-12,61.0,-50.0,56.0,51.0,0.0
2017-02-13,0.0,-56.0,140.0,51.0,0.0
2017-02-14,-28.0,-94.0,0.0,51.0,0.0
2017-02-15,22.0,-94.0,0.0,51.0,0.0
2017-02-16,22.0,-72.0,0.0,51.0,0.0
2017-02-17,-39.0,-78.0,0.0,51.0,0.0
2017-02-18,22.0,-78.0,0.0,51.0,0.0
2017-02-19,128.0,6.0,0.0,0.0,0.0
2017-02-20,144.0,-6.0,0.0,0.0,0.0
2017-02-21,56.0,-28.0,0.0,0.0,0.0
2017-02-22,61.0,-17.0,3.0,0.0,0.0
2017-02-23,122.0,22.0,0.0,0.0,0.0
2017-02-24,167.0,67.0,0.0,0.0,0.0
2017-02-25,206.0,117.0,0.0,0.0,0.0
2017-02-26,139.0,-44.0,107.0,0.0,0.0
2017-02-27,-11.0,-56.0,0.0,0.0,0.0
2017-02-28,44.0,-28.0,0.0,0.0,0.0
2017-03-01,128.0,22.0,0.0,0.0,0.0
2017-03-02,122.0,-17.0,81.0,0.0,0.0
2017-03-03,0.0,-94.0,0.0,0.0,0.0
2017-03-04,-33.0,-122.0,5.0,0.0,5.0
2017-03-05,-72.0,-167.0,0.0,0.0,0.0
2017-03-06,-17.0,-161.0,0.0,0.0,0.0
2017-03-07,78.0,-50.0,56.0,0.0,0.0
2017-03-08,106.0,6.0,117.0,0.0,0.0
2017-03-09,94.0,6.0,0.0,0.0,0.0
2017-03-10,83.0,-39.0,56.0,76.0,81.0
2017-03-11,-28.0,-144.0,56.0,127.0,30.0
2017-03-12,-78.0,-144.0,10.0,127.0,20.0
2017-03-13,-67.0,-150.0,0.0,127.0,0.0
2017-03-14,-33.0,-144.0,107.0,254.0,140.0
2017-03-15,-67.0,-156.0,269.0,584.0,361.0
2017-03-16,-83.0,-172.0,46.0,610.0,71.0
2017-03-17,-17.0,-106.0,0.0,533.0,0.0
2017-03-18,33.0,-94.0,0.0,406.0,0.0
2017-03-19,0.0,-33.0,0.0,330.0,0.0
2017-03-20,33.0,-56.0,0.0,203.0,0.0
2017-03-21,33.0,-56.0,0.0,152.0,0.0
2017-03-22,94.0,-50.0,0.0,76.0,0.0
2017-03-23,-50.0,-117.0,0.0,76.0,0.0
2017-03-24,17.0,-117.0,0.0,51.0,0.0
2017-03-25,117.0,0.0,15.0,25.0,0.0
2017-03-26,156.0,11.0,0.0,0.0,0.0
2017-03-27,22.0,-78.0,23.0,0.0,0.0
2017-03-28,122.0,-39.0,0.0,0.0,0.0
2017-03-29,106.0,6.0,56.0,0.0,0.0
2017-03-30,67.0,-28.0,0.0,0.0,0.0
2017-03-31,44.0,-22.0,97.0,0.0,0.0
2017-04-01,33.0,-6.0,218.0,0.0,0.0
2017-04-02,28.0,-22.0,0.0,0.0,0.0
2017-04-03,122.0,-22.0,0.0,0.0,0.0
2017-04-04,167.0,56.0,109.0,0.0,0.0
2017-04-05,156.0,56.0,46.0,0.0,0.0
2017-04-06,156.0,44.0,18.0,0.0,0.0
2017-04-07,67.0,0.0,351.0,0.0,0.0
2017-04-08,11.0,-22.0,41.0,0.0,0.0
2017-04-09,89.0,-22.0,0.0,0.0,0.0
2017-04-10,167.0,6.0,0.0,0.0,0.0
2017-04-11,217.0,94.0,0.0,0.0,0.0
2017-04-12,244.0,117.0,56.0,0.0,0.0
2017-04-13,194.0,11.0,0.0,0.0,0.0
2017-04-14,106.0,11.0,0.0,0.0,0.0
2017-04-15,156.0,11.0,0.0,0.0,0.0
2017-04-16,178.0,83.0,0.0,0.0,0.0
2017-04-17,239.0,100.0,86.0,0.0,0.0
2017-04-18,161.0,17.0,0.0,0.0,0.0
2017-04-19,156.0,28.0,0.0,0.0,0.0
2017-04-20,100.0,44.0,46.0,0.0,0.0
2017-04-21,183.0,89.0,587.0,0.0,0.0
2017-04-22,183.0,61.0,0.0,0.0,0.0
2017-04-23,94.0,0.0,10.0,0.0,0.0
2017-04-24,178.0,28.0,0.0,0.0,0.0
2017-04-25,178.0,39.0,0.0,0.0,0.0
2017-04-26,128.0,83.0,10.0,0.0,0.0
2017-04-27,217.0,89.0,0.0,0.0,0.0
2017-04-28,217.0,128.0,13.0,0.0,0.0
2017-04-29,217.0,111.0,15.0,0.0,0.0
2017-04-30,183.0,67.0,0.0,0.0,0.0
2017-05-01,178.0,78.0,0.0,0.0,0.0
2017-05-02,217.0,100.0,465.0,0.0,0.0
2017-05-03,133.0,50.0,0.0,0.0,0.0
2017-05-04,122.0,28.0,0.0,0.0,0.0
2017-05-05,117.0,33.0,46.0,0.0,0.0
2017-05-06,139.0,78.0,208.0,0.0,0.0
2017-05-07,139.0,28.0,114.0,0.0,0.0
2017-05-08,50.0,-6.0,33.0,0.0,0.0
2017-05-09,111.0,-6.0,0.0,0.0,0.0
2017-05-10,133.0,6.0,0.0,0.0,0.0
2017-05-11,144.0,28.0,0.0,0.0,0.0
2017-05-12,117.0,39.0,0.0,0.0,0.0
2017-05-13,128.0,50.0,122.0,0.0,0.0
2017-05-14,83.0,33.0,86.0,0.0,0.0
2017-05-15,172.0,61.0,0.0,0.0,0.0
2017-05-16,167.0,61.0,0.0,0.0,0.0
2017-05-17,206.0,61.0,0.0,0.0,0.0
2017-05-18,294.0,144.0,0.0,0.0,0.0
2017-05-19,300.0,183.0,0.0,0.0,0.0
2017-05-20,278.0,78.0,0.0,0.0,0.0
2017-05-21,156.0,78.0,0.0,0.0,0.0
2017-05-22,156.0,94.0,0.0,0.0,0.0
2017-05-23,156.0,72.0,8.0,0.0,0.0
2017-05-24,194.0,72.0,0.0,0.0,0.0
2017-05-25,206.0,83.0,13.0,0.0,0.0
2017-05-26,156.0,100.0,211.0,0.0,0.0
2017-05-27,172.0,94.0,56.0,0.0,0.0
2017-05-28,178.0,111.0,0.0,0.0,0.0
2017-05-29,161.0,111.0,213.0,0.0,0.0
2017-05-30,194.0,111.0,5.0,0.0,0.0
2017-05-31,139.0,117.0,145.0,0.0,0.0
2017-06-01,211.0,94.0,61.0,0.0,0.0
2017-06-02,200.0,78.0,0.0,0.0,0.0
2017-06-03,194.0,78.0,23.0,0.0,0.0
2017-06-04,200.0,78.0,0.0,0.0,0.0
2017-06-05,150.0,100.0,114.0,0.0,0.0
2017-06-06,194.0,111.0,112.0,0.0,0.0
2017-06-07,172.0,72.0,157.0,0.0,0.0
2017-06-08,167.0,72.0,0.0,0.0,0.0
2017-06-09,217.0,94.0,0.0,0.0,0.0
2017-06-10,233.0,100.0,20.0,0.0,0.0
2017-06-11,256.0,133.0,0.0,0.0,0.0
2017-06-12,289.0,178.0,0.0,0.0,0.0
2017-06-13,289.0,189.0,0.0,0.0,0.0
2017-06-14,300.0,172.0,5.0,0.0,0.0
2017-06-15,256.0,133.0,0.0,0.0,0.0
2017-06-16,239.0,139.0,56.0,0.0,0.0
2017-06-17,211.0,139.0,30.0,0.0,0.0
2017-06-18,239.0,183.0,43.0,0.0,0.0
2017-06-19,272.0,178.0,622.0,0.0,0.0
2017-06-20,228.0,144.0,102.0,0.0,0.0
2017-06-21,233.0,139.0,0.0,0.0,0.0
2017-06-22,239.0,111.0,0.0,0.0,0.0
2017-06-23,261.0,150.0,0.0,0.0,0.0
2017-06-24,228.0,178.0,46.0,0.0,0.0
2017-06-25,250.0,122.0,0.0,0.0,0.0
2017-06-26,228.0,106.0,0.0,0.0,0.0
2017-06-27,211.0,106.0,8.0,0.0,0.0
2017-06-28,200.0,89.0,0.0,0.0,0.0
2017-06-29,217.0,78.0,0.0,0.0,0.0
2017-06-30,244.0,150.0,0.0,0.0,0.0
2017-07-01,267.0,150.0,165.0,0.0,0.0
2017-07-02,233.0,156.0,384.0,0.0,0.0
2017-07-03,267.0,172.0,0.0,0.0,0.0
2017-07-04,261.0,150.0,0.0,0.0,0.0
2017-07-05,250.0,133.0,0.0,0.0,0.0
2017-07-06,250.0,167.0,0.0,0.0,0.0
2017-07-07,228.0,172.0,33.0,0.0,0.0
2017-07-08,267.0,172.0,0.0,0.0,0.0
2017-07-09,233.0,117.0,36.0,0.0,0.0
2017-07-10,228.0,139.0,0.0,0.0,0.0
2017-07-11,239.0,144.0,5.0,0.0,0.0
2017-07-12,228.0,167.0,8.0,0.0,0.0
2017-07-13,267.0,194.0,0.0,0.0,0.0
2017-07-14,244.0,189.0,79.0,0.0,0.0
2017-07-15,239.0,156.0,122.0,0.0,0.0
2017-07-16,239.0,139.0,0.0,0.0,0.0
2017-07-17,256.0,161.0,0.0,0.0,0.0
2017-07-18,267.0,161.0,295.0,0.0,0.0
2017-07-19,278.0,167.0,0.0,0.0,0.0
2017-07-20,289.0,172.0,5.0,0.0,0.0
2017-07-21,278.0,183.0,191.0,0.0,0.0
2017-07-22,272.0,167.0,0.0,0.0,0.0
2017-07-23,250.0,172.0,13.0,0.0,0.0
2017-07-24,244.0,156.0,485.0,0.0,0.0
2017-07-25,244.0,150.0,0.0,0.0,0.0
2017-07-26,194.0,117.0,0.0,0.0,0.0
2017-07-27,222.0,117.0,0.0,0.0,0.0
2017-07-28,239.0,150.0,0.0,0.0,0.0
2017-07-29,228.0,128.0,0.0,0.0,0.0
2017-07-30,211.0,100.0,0.0,0.0,0.0
2017-07-31,244.0,106.0,0.0,0.0,0.0
2017-08-01,272.0,111.0,0.0,0.0,0.0
2017-08-02,256.0,161.0,48.0,0.0,0.0
2017-08-03,261.0,144.0,264.0,0.0,0.0
2017-08-04,267.0,156.0,0.0,0.0,0.0
2017-08-05,261.0,150.0,394.0,0.0,0.0
2017-08-06,206.0,100.0,0.0,0.0,0.0
2017-08-07,206.0,106.0,13.0,0.0,0.0
2017-08-08,156.0,128.0,61.0,0.0,0.0
2017-08-09,228.0,117.0,0.0,0.0,0.0
2017-08-10,239.0,122.0,0.0,0.0,0.0
2017-08-11,233.0,133.0,0.0,0.0,0.0
2017-08-12,222.0,161.0,13.0,0.0,0.0
2017-08-13,239.0,133.0,0.0,0.0,0.0
2017-08-14,233.0,117.0,0.0,0.0,0.0
2017-08-15,217.0,122.0,0.0,0.0,0.0
2017-08-16,244.0,144.0,5.0,0.0,0.0
2017-08-17,250.0,133.0,0.0,0.0,0.0
2017-08-18,261.0,133.0,15.0,0.0,0.0
2017-08-19,256.0,161.0,61.0,0.0,0.0
2017-08-20,244.0,128.0,211.0,0.0,0.0
2017-08-21,244.0,133.0,0.0,0.0,0.0
2017-08-22,256.0,156.0,3.0,0.0,0.0
2017-08-23,272.0,139.0,165.0,0.0,0.0
2017-08-24,217.0,94.0,0.0,0.0,0.0
2017-08-25,200.0,100.0,0.0,0.0,0.0
2017-08-26,194.0,78.0,0.0,0.0,0.0
2017-08-27,194.0,72.0,0.0,0.0,0.0
2017-08-28,206.0,83.0,0.0,0.0,0.0
2017-08-29,194.0,100.0,0.0,0.0,0.0
2017-08-30,167.0,89.0,0.0,0.0,0.0
2017-08-31,211.0,83.0,0.0,0.0,0.0
2017-09-01,178.0,50.0,10.0,0.0,0.0
2017-09-02,150.0,50.0,0.0,0.0,0.0
2017-09-03,144.0,50.0,160.0,0.0,0.0
2017-09-04,156.0,100.0,46.0,0.0,0.0
2017-09-05,222.0,111.0,0.0,0.0,0.0
2017-09-06,211.0,117.0,51.0,0.0,0.0
2017-09-07,139.0,100.0,30.0,0.0,0.0
2017-09-08,161.0,83.0,28.0,0.0,0.0
2017-09-09,156.0,61.0,8.0,0.0,0.0
2017-09-10,133.0,67.0,0.0,0.0,0.0
2017-09-11,161.0,56.0,0.0,0.0,0.0
2017-09-12,206.0,56.0,0.0,0.0,0.0
2017-09-13,217.0,94.0,0.0,0.0,0.0
2017-09-14,194.0,133.0,0.0,0.0,0.0
2017-09-15,200.0,156.0,8.0,0.0,0.0
2017-09-16,233.0,144.0,0.0,0.0,0.0
2017-09-17,233.0,144.0,0.0,0.0,0.0
2017-09-18,239.0,139.0,0.0,0.0,0.0
2017-09-19,250.0,139.0,0.0,0.0,0.0
2017-09-20,233.0,122.0,0.0,0.0,0.0
2017-09-21,233.0,128.0,0.0,0.0,0.0
2017-09-22,244.0,139.0,0.0,0.0,0.0
2017-09-23,239.0,117.0,0.0,0.0,0.0
2017-09-24,261.0,111.0,0.0,0.0,0.0
2017-09-25,283.0,161.0,0.0,0.0,0.0
2017-09-26,294.0,172.0,0.0,0.0,0.0
2017-09-27,272.0,167.0,0.0,0.0,0.0
2017-09-28,272.0,122.0,0.0,0.0,0.0
2017-09-29,167.0,50.0,0.0,0.0,0.0
2017-09-30,156.0,44.0,30.0,0.0,0.0
2017-10-01,106.0,11.0,0.0,0.0,0.0
2017-10-02,156.0,11.0,0.0,0.0,0.0
2017-10-03,194.0,50.0,0.0,0.0,0.0
2017-10-04,189.0,78.0,0.0,0.0,0.0
2017-10-05,211.0,78.0,0.0,0.0,0.0
2017-10-06,200.0,106.0,0.0,0.0,0.0
2017-10-07,178.0,106.0,0.0,0.0,0.0
2017-10-08,239.0,172.0,89.0,0.0,0.0
2017-10-09,222.0,178.0,157.0,0.0,0.0
2017-10-10,222.0,156.0,152.0,0.0,0.0
2017-10-11,228.0,133.0,0.0,0.0,0.0
2017-10-12,161.0,111.0,310.0,0.0,0.0
2017-10-13,122.0,78.0,5.0,0.0,0.0
2017-10-14,133.0,78.0,13.0,0.0,0.0
2017-10-15,144.0,122.0,0.0,0.0,0.0
2017-10-16,183.0,61.0,76.0,0.0,0.0
2017-10-17,183.0,-17.0,0.0,0.0,0.0
2017-10-18,111.0,-17.0,0.0,0.0,0.0
2017-10-19,172.0,50.0,0.0,0.0,0.0
2017-10-20,172.0,72.0,0.0,0.0,0.0
2017-10-21,172.0,72.0,0.0,0.0,0.0
2017-10-22,200.0,94.0,0.0,0.0,0.0
2017-10-23,200.0,117.0,0.0,0.0,0.0
2017-10-24,172.0,122.0,221.0,0.0,0.0
2017-10-25,167.0,56.0,43.0,0.0,0.0
2017-10-26,106.0,17.0,0.0,0.0,0.0
2017-10-27,78.0,11.0,0.0,0.0,0.0
2017-10-28,133.0,17.0,0.0,0.0,0.0
2017-10-29,156.0,78.0,64.0,0.0,0.0
2017-10-30,133.0,6.0,472.0,0.0,0.0
2017-10-31,72.0,11.0,3.0,0.0,0.0
2017-11-01,61.0,-17.0,0.0,0.0,0.0
2017-11-02,139.0,17.0,53.0,0.0,0.0
2017-11-03,150.0,89.0,8.0,0.0,0.0
2017-11-04,150.0,0.0,0.0,0.0,0.0
2017-11-05,100.0,0.0,13.0,0.0,0.0
2017-11-06,122.0,72.0,58.0,0.0,0.0
2017-11-07,122.0,-11.0,25.0,0.0,0.0
2017-11-08,0.0,-39.0,18.0,25.0,18.0
2017-11-09,44.0,-39.0,0.0,0.0,0.0
2017-11-10,33.0,-56.0,15.0,0.0,0.0
2017-11-11,-50.0,-117.0,0.0,0.0,0.0
2017-11-12,-11.0,-106.0,0.0,0.0,0.0
2017-11-13,28.0,-44.0,0.0,0.0,0.0
2017-11-14,44.0,-11.0,0.0,0.0,0.0
2017-11-15,44.0,-28.0,0.0,0.0,0.0
2017-11-16,50.0,-28.0,28.0,0.0,0.0
2017-11-17,56.0,-17.0,25.0,0.0,0.0
2017-11-18,33.0,-22.0,0.0,0.0,0.0
2017-11-19,89.0,6.0,145.0,0.0,0.0
2017-11-20,33.0,-33.0,25.0,25.0,25.0
2017-11-21,22.0,-28.0,0.0,0.0,0.0
2017-11-22,83.0,6.0,0.0,0.0,0.0
2017-11-23,50.0,-72.0,5.0,0.0,0.0
2017-11-24,-11.0,-67.0,0.0,0.0,0.0
2017-11-25,56.0,-33.0,0.0,0.0,0.0
2017-11-26,83.0,-6.0,0.0,0.0,0.0
2017-11-27,11.0,-28.0,0.0,0.0,0.0
2017-11-28,61.0,-22.0,0.0,0.0,0.0
2017-11-29,94.0,11.0,0.0,0.0,0.0
2017-11-30,100.0,-33.0,0.0,0.0,0.0
2017-12-01,50.0,-17.0,10.0,0.0,0.0
2017-12-02,50.0,-28.0,0.0,0.0,0.0
2017-12-03,44.0,-11.0,0.0,0.0,0.0
2017-12-04,67.0,-11.0,0.0,0.0,0.0
2017-12-05,61.0,6.0,0.0,0.0,0.0
2017-12-06,78.0,-39.0,226.0,0.0,0.0
2017-12-07,6.0,-39.0,0.0,0.0,0.0
2017-12-08,-6.0,-78.0,0.0,0.0,0.0
2017-12-09,-50.0,-83.0,0.0,0.0,0.0
2017-12-10,-39.0,-83.0,0.0,0.0,0.0
2017-12-11,-28.0,-61.0,0.0,0.0,0.0
2017-12-12,-11.0,-50.0,5.0,0.0,5.0
2017-12-13,-6.0,-128.0,0.0,0.0,0.0
2017-12-14,-78.0,-122.0,36.0,76.0,76.0
2017-12-15,-78.0,-139.0,0.0,76.0,0.0
2017-12-16,-67.0,-128.0,0.0,51.0,0.0
2017-12-17,-22.0,-67.0,0.0,51.0,0.0
2017-12-18,0.0,-61.0,5.0,51.0,5.0
2017-12-19,22.0,-11.0,0.0,25.0,0.0
2017-12-20,72.0,-6.0,0.0,0.0,0.0
2017-12-21,6.0,-50.0,0.0,0.0,0.0
2017-12-22,-11.0,-56.0,0.0,0.0,0.0
2017-12-23,39.0,-28.0,46.0,0.0,0.0
2017-12-24,44.0,-33.0,81.0,0.0,5.0
2017-12-25,-6.0,-39.0,38.0,51.0,56.0
2017-12-26,-39.0,-133.0,0.0,51.0,0.0
2017-12-27,-89.0,-161.0,0.0,51.0,0.0
2017-12-28,-111.0,-183.0,0.0,51.0,0.0
2017-12-29,-133.0,-183.0,0.0,51.0,0.0
2017-12-30,-111.0,-183.0,10.0,51.0,13.0
2017-12-31,-100.0,-183.0,33.0,152.0,102.0
2018-01-01,-156.0,-206.0,0.0,127.0,0.0
2018-01-02,-128.0,-200.0,0.0,127.0,0.0
2018-01-03,-111.0,-172.0,0.0,127.0,0.0
2018-01-04,-78.0,-172.0,0.0,127.0,0.0
2018-01-05,-94.0,-194.0,13.0,127.0,20.0
2018-01-06,-144.0,-194.0,0.0,102.0,0.0
2018-01-07,-156.0,-228.0,0.0,102.0,0.0
2018-01-08,-94.0,-228.0,0.0,76.0,0.0
2018-01-09,-17.0,-100.0,8.0,76.0,8.0
2018-01-10,11.0,-94.0,0.0,51.0,0.0
2018-01-11,28.0,-89.0,0.0,51.0,0.0
2018-01-12,133.0,17.0,152.0,0.0,0.0
2018-01-13,144.0,-111.0,622.0,25.0,20.0
2018-01-14,-100.0,-189.0,5.0,25.0,8.0
2018-01-15,-128.0,-183.0,0.0,25.0,0.0
2018-01-16,-67.0,-178.0,8.0,51.0,18.0
2018-01-17,-50.0,-72.0,102.0,178.0,152.0
2018-01-18,-72.0,-161.0,0.0,178.0,0.0
2018-01-19,-56.0,-161.0,0.0,178.0,0.0
2018-01-20,6.0,-89.0,0.0,127.0,0.0
2018-01-21,50.0,-22.0,0.0,102.0,0.0
2018-01-22,56.0,0.0,8.0,51.0,0.0
2018-01-23,72.0,33.0,56.0,0.0,0.0
2018-01-24,67.0,-22.0,79.0,0.0,0.0
2018-01-25,-22.0,-106.0,0.0,0.0,0.0
2018-01-26,-39.0,-111.0,0.0,0.0,0.0
2018-01-27,6.0,-89.0,0.0,0.0,0.0
2018-01-28,61.0,-22.0,13.0,0.0,0.0
2018-01-29,56.0,-39.0,0.0,0.0,0.0
2018-01-30,11.0,-44.0,0.0,0.0,5.0
2018-01-31,-28.0,-172.0,51.0,51.0,51.0
2018-02-01,-28.0,-172.0,0.0,51.0,0.0
2018-02-02,28.0,-100.0,33.0,51.0,41.0
2018-02-03,-100.0,-156.0,0.0,51.0,0.0
2018-02-04,-44.0,-144.0,10.0,51.0,13.0
2018-02-05,-11.0,-89.0,178.0,203.0,178.0
2018-02-06,-67.0,-117.0,10.0,178.0,20.0
2018-02-07,-39.0,-100.0,0.0,178.0,0.0
2018-02-08,-6.0,-117.0,221.0,279.0,127.0
2018-02-09,-67.0,-133.0,0.0,279.0,0.0
2018-02-10,0.0,-122.0,15.0,279.0,20.0
2018-02-11,44.0,-6.0,36.0,152.0,0.0
2018-02-12,78.0,-28.0,43.0,102.0,0.0
2018-02-13,78.0,-106.0,0.0,76.0,0.0
2018-02-14,6.0,-106.0,0.0,76.0,0.0
2018-02-15,83.0,-28.0,15.0,51.0,0.0
2018-02-16,122.0,50.0,69.0,0.0,0.0
2018-02-17,67.0,-94.0,0.0,0.0,0.0
2018-02-18,-17.0,-94.0,36.0,51.0,38.0
2018-02-19,28.0,-39.0,0.0,25.0,0.0
2018-02-20,50.0,-6.0,48.0,0.0,0.0
2018-02-21,150.0,44.0,0.0,0.0,0.0
2018-02-22,189.0,-17.0,8.0,0.0,0.0
2018-02-23,0.0,-17.0,140.0,0.0,0.0
2018-02-24,33.0,-11.0,30.0,0.0,0.0
2018-02-25,44.0,17.0,191.0,0.0,0.0
2018-02-26,56.0,0.0,0.0,0.0,0.0
2018-02-27,78.0,-22.0,0.0,0.0,0.0
2018-02-28,89.0,-11.0,0.0,0.0,0.0
2018-03-01,117.0,11.0,0.0,0.0,0.0
2018-03-02,61.0,-11.0,259.0,0.0,10.0
2018-03-03,-11.0,-50.0,56.0,51.0,51.0
2018-03-04,-22.0,-50.0,0.0,51.0,0.0
2018-03-05,-6.0,-83.0,0.0,0.0,0.0
2018-03-06,-11.0,-78.0,0.0,0.0,0.0
2018-03-07,39.0,-72.0,28.0,51.0,51.0
2018-03-08,-6.0,-44.0,36.0,76.0,46.0
2018-03-09,-22.0,-72.0,8.0,76.0,15.0
2018-03-10,-6.0,-61.0,10.0,102.0,15.0
2018-03-11,-17.0,-61.0,0.0,76.0,0.0
2018-03-12,6.0,-83.0,0.0,51.0,0.0
2018-03-13,0.0,-83.0,61.0,127.0,79.0
2018-03-14,-22.0,-67.0,5.0,102.0,5.0
2018-03-15,-22.0,-72.0,5.0,102.0,5.0
2018-03-16,11.0,-67.0,8.0,102.0,18.0
2018-03-17,-28.0,-100.0,0.0,102.0,0.0
2018-03-18,44.0,-94.0,0.0,76.0,0.0
2018-03-19,50.0,-83.0,0.0,76.0,0.0
2018-03-20,11.0,-89.0,0.0,51.0,0.0
2018-03-21,0.0,-89.0,0.0,51.0,0.0
2018-03-22,6.0,-61.0,0.0,25.0,0.0
2018-03-23,33.0,-50.0,0.0,25.0,0.0
2018-03-24,33.0,-56.0,0.0,0.0,0.0
2018-03-25,33.0,-94.0,0.0,0.0,0.0
2018-03-26,28.0,-89.0,0.0,0.0,0.0
2018-03-27,67.0,-56.0,0.0,0.0,0.0
2018-03-28,17.0,-28.0,36.0,0.0,0.0
2018-03-29,67.0,-6.0,0.0,0.0,0.0
2018-03-30,117.0,33.0,91.0,0.0,0.0
2018-03-31,39.0,-39.0,0.0,0.0,0.0
2018-04-01,89.0,-33.0,8.0,0.0,0.0
2018-04-02,56.0,-39.0,79.0,76.0,79.0
2018-04-03,33.0,-39.0,15.0,0.0,13.0
2018-04-04,72.0,0.0,86.0,0.0,0.0
2018-04-05,89.0,-61.0,25.0,0.0,0.0
2018-04-06,6.0,-56.0,0.0,0.0,0.0
2018-04-07,89.0,-44.0,18.0,0.0,25.0
2018-04-08,11.0,-83.0,0.0,0.0,0.0
2018-04-09,-6.0,-78.0,0.0,0.0,0.0
2018-04-10,28.0,-67.0,5.0,0.0,13.0
2018-04-11,28.0,-39.0,0.0,0.0,0.0
2018-04-12,61.0,-33.0,0.0,0.0,0.0
2018-04-13,161.0,28.0,0.0,0.0,0.0
2018-04-14,250.0,78.0,0.0,0.0,0.0
2018-04-15,194.0,22.0,0.0,0.0,0.0
2018-04-16,50.0,17.0,76.0,0.0,0.0
2018-04-17,83.0,-17.0,241.0,0.0,0.0
2018-04-18,0.0,-28.0,15.0,0.0,20.0
2018-04-19,67.0,-17.0,15.0,0.0,5.0
2018-04-20,11.0,-39.0,25.0,0.0,0.0
2018-04-21,39.0,-33.0,0.0,0.0,0.0
2018-04-22,111.0,-22.0,0.0,0.0,0.0
2018-04-23,150.0,22.0,0.0,0.0,0.0
2018-04-24,183.0,28.0,0.0,0.0,0.0
2018-04-25,161.0,67.0,91.0,0.0,0.0
2018-04-26,133.0,50.0,20.0,0.0,0.0
2018-04-27,156.0,50.0,0.0,0.0,0.0
2018-04-28,111.0,67.0,127.0,0.0,0.0
2018-04-29,150.0,11.0,18.0,0.0,0.0
2018-04-30,61.0,11.0,0.0,0.0,0.0
2018-05-01,156.0,17.0,0.0,0.0,0.0
2018-05-02,256.0,39.0,0.0,0.0,0.0
2018-05-03,272.0,150.0,0.0,0.0,0.0
2018-05-04,283.0,167.0,25.0,0.0,0.0
2018-05-05,244.0,67.0,28.0,0.0,0.0
2018-05-06,200.0,89.0,69.0,0.0,0.0
2018-05-07,117.0,61.0,201.0,0.0,0.0
2018-05-08,167.0,56.0,0.0,0.0,0.0
2018-05-09,200.0,61.0,0.0,0.0,0.0
2018-05-10,239.0,100.0,0.0,0.0,0.0
2018-05-11,200.0,78.0,168.0,0.0,0.0
2018-05-12,156.0,56.0,122.0,0.0,0.0
2018-05-13,128.0,72.0,152.0,0.0,0.0
2018-05-14,100.0,72.0,56.0,0.0,0.0
2018-05-15,233.0,94.0,0.0,0.0,0.0
2018-05-16,261.0,111.0,196.0,0.0,0.0
2018-05-17,139.0,111.0,282.0,0.0,0.0
2018-05-18,239.0,122.0,0.0,0.0,0.0
2018-05-19,211.0,100.0,157.0,0.0,0.0
2018-05-20,150.0,94.0,122.0,0.0,0.0
2018-05-21,194.0,94.0,0.0,0.0,0.0
2018-05-22,233.0,106.0,185.0,0.0,0.0
2018-05-23,150.0,139.0,229.0,0.0,0.0
2018-05-24,233.0,111.0,0.0,0.0,0.0
2018-05-25,261.0,128.0,0.0,0.0,0.0
2018-05-26,278.0,133.0,0.0,0.0,0.0
2018-05-27,289.0,167.0,183.0,0.0,0.0
2018-05-28,289.0,139.0,10.0,0.0,0.0
2018-05-29,206.0,139.0,0.0,0.0,0.0
2018-05-30,289.0,178.0,0.0,0.0,0.0
2018-05-31,256.0,161.0,0.0,0.0,0.0
2018-06-01,194.0,161.0,25.0,0.0,0.0
2018-06-02,272.0,178.0,5.0,0.0,0.0
2018-06-03,189.0,139.0,0.0,0.0,0.0
2018-06-04,161.0,83.0,8.0,0.0,0.0
2018-06-05,206.0,89.0,0.0,0.0,0.0
2018-06-06,183.0,89.0,8.0,0.0,0.0
2018-06-07,189.0,67.0,0.0,0.0,0.0
2018-06-08,206.0,72.0,0.0,0.0,0.0
2018-06-09,256.0,117.0,0.0,0.0,0.0
2018-06-10,222.0,122.0,23.0,0.0,0.0
2018-06-11,133.0,111.0,188.0,0.0,0.0
2018-06-12,217.0,94.0,0.0,0.0,0.0
2018-06-13,217.0,117.0,0.0,0.0,0.0
2018-06-14,211.0,117.0,114.0,0.0,0.0
2018-06-15,239.0,94.0,0.0,0.0,0.0
2018-06-16,222.0,94.0,0.0,0.0,0.0
2018-06-17,256.0,139.0,0.0,0.0,0.0
2018-06-18,289.0,194.0,0.0,0.0,0.0
2018-06-19,306.0,178.0,38.0,0.0,0.0
2018-06-20,233.0,122.0,0.0,0.0,0.0
2018-06-21,233.0,144.0,10.0,0.0,0.0
2018-06-22,250.0,106.0,0.0,0.0,0.0
2018-06-23,256.0,139.0,48.0,0.0,0.0
2018-06-24,200.0,144.0,30.0,0.0,0.0
2018-06-25,239.0,133.0,48.0,0.0,0.0
2018-06-26,211.0,78.0,0.0,0.0,0.0
2018-06-27,233.0,78.0,53.0,0.0,0.0
2018-06-28,194.0,139.0,127.0,0.0,0.0
2018-06-29,256.0,156.0,13.0,0.0,0.0
2018-06-30,283.0,161.0,0.0,0.0,0.0
2018-07-01,306.0,183.0,0.0,0.0,0.0
2018-07-02,317.0,189.0,0.0,0.0,0.0
2018-07-03,317.0,189.0,127.0,0.0,0.0
2018-07-04,300.0,194.0,0.0,0.0,0.0
2018-07-05,278.0,189.0,513.0,0.0,0.0
2018-07-06,278.0,200.0,109.0,0.0,0.0
2018-07-07,244.0,100.0,0.0,0.0,0.0
2018-07-08,222.0,100.0,0.0,0.0,0.0
2018-07-09,267.0,128.0,0.0,0.0,0.0
2018-07-10,272.0,133.0,0.0,0.0,0.0
2018-07-11,289.0,139.0,20.0,0.0,0.0
2018-07-12,244.0,111.0,0.0,0.0,0.0
2018-07-13,250.0,117.0,0.0,0.0,0.0
2018-07-14,261.0,167.0,0.0,0.0,0.0
2018-07-15,289.0,183.0,71.0,0.0,0.0
2018-07-16,289.0,183.0,208.0,0.0,0.0
2018-07-17,294.0,183.0,5.0,0.0,0.0
2018-07-18,239.0,128.0,117.0,0.0,0.0
2018-07-19,233.0,89.0,0.0,0.0,0.0
2018-07-20,250.0,117.0,0.0,0.0,0.0
2018-07-21,250.0,144.0,0.0,0.0,0.0
2018-07-22,194.0,94.0,323.0,0.0,0.0
2018-07-23,228.0,161.0,102.0,0.0,0.0
2018-07-24,239.0,183.0,699.0,0.0,0.0
2018-07-25,217.0,189.0,572.0,0.0,0.0
2018-07-26,217.0,178.0,206.0,0.0,0.0
2018-07-27,261.0,183.0,0.0,0.0,0.0
2018-07-28,250.0,172.0,0.0,0.0,0.0
2018-07-29,256.0,117.0,0.0,0.0,0.0
2018-07-30,239.0,150.0,0.0,0.0,0.0
2018-07-31,233.0,150.0,91.0,0.0,0.0
2018-08-01,222.0,161.0,28.0,0.0,0.0
2018-08-02,261.0,183.0,218.0,0.0,0.0
2018-08-03,239.0,178.0,267.0,0.0,0.0
2018-08-04,211.0,172.0,610.0,0.0,0.0
2018-08-05,283.0,172.0,0.0,0.0,0.0
2018-08-06,289.0,189.0,0.0,0.0,0.0
2018-08-07,294.0,189.0,0.0,0.0,0.0
2018-08-08,272.0,183.0,10.0,0.0,0.0
2018-08-09,267.0,178.0,51.0,0.0,0.0
2018-08-10,267.0,161.0,0.0,0.0,0.0
2018-08-11,250.0,178.0,191.0,0.0,0.0
2018-08-12,222.0,172.0,201.0,0.0,0.0
2018-08-13,244.0,178.0,188.0,0.0,0.0
2018-08-14,211.0,172.0,638.0,0.0,0.0
2018-08-15,206.0,156.0,406.0,0.0,0.0
2018-08-16,283.0,156.0,0.0,0.0,0.0
2018-08-17,272.0,172.0,102.0,0.0,0.0
2018-08-18,261.0,189.0,30.0,0.0,0.0
2018-08-19,239.0,156.0,10.0,0.0,0.0
2018-08-20,200.0,156.0,0.0,0.0,0.0
2018-08-21,233.0,156.0,0.0,0.0,0.0
2018-08-22,194.0,167.0,48.0,0.0,0.0
2018-08-23,228.0,106.0,23.0,0.0,0.0
2018-08-24,217.0,106.0,0.0,0.0,0.0
2018-08-25,228.0,117.0,0.0,0.0,0.0
2018-08-26,222.0,139.0,0.0,0.0,0.0
2018-08-27,239.0,161.0,0.0,0.0,0.0
2018-08-28,278.0,189.0,0.0,0.0,0.0
2018-08-29,294.0,211.0,0.0,0.0,0.0
2018-08-30,289.0,189.0,0.0,0.0,0.0
2018-08-31,250.0,156.0,8.0,0.0,0.0
2018-09-01,200.0,161.0,114.0,0.0,0.0
2018-09-02,194.0,167.0,8.0,0.0,0.0
2018-09-03,256.0,189.0,0.0,0.0,0.0
2018-09-04,289.0,178.0,69.0,0.0,0.0
2018-09-05,283.0,178.0,0.0,0.0,0.0
2018-09-06,289.0,200.0,0.0,0.0,0.0
2018-09-07,289.0,172.0,251.0,0.0,0.0
2018-09-08,233.0,128.0,15.0,0.0,0.0
2018-09-09,139.0,83.0,46.0,0.0,0.0
2018-09-10,100.0,67.0,279.0,0.0,0.0
2018-09-11,161.0,72.0,488.0,0.0,0.0
2018-09-12,206.0,144.0,5.0,0.0,0.0
2018-09-13,194.0,161.0,23.0,0.0,0.0
2018-09-14,233.0,178.0,30.0,0.0,0.0
2018-09-15,222.0,172.0,13.0,0.0,0.0
2018-09-16,233.0,144.0,0.0,0.0,0.0
2018-09-17,256.0,144.0,0.0,0.0,0.0
2018-09-18,206.0,144.0,251.0,0.0,0.0
2018-09-19,244.0,156.0,5.0,0.0,0.0
2018-09-20,217.0,106.0,0.0,0.0,0.0
2018-09-21,217.0,106.0,0.0,0.0,0.0
2018-09-22,189.0,128.0,135.0,0.0,0.0
2018-09-23,133.0,61.0,0.0,0.0,0.0
2018-09-24,156.0,61.0,0.0,0.0,0.0
2018-09-25,178.0,72.0,147.0,0.0,0.0
2018-09-26,183.0,111.0,112.0,0.0,0.0
2018-09-27,206.0,89.0,119.0,0.0,0.0
2018-09-28,144.0,83.0,178.0,0.0,0.0
2018-09-29,178.0,89.0,0.0,0.0,0.0
2018-09-30,156.0,50.0,0.0,0.0,0.0
2018-10-01,161.0,50.0,0.0,0.0,0.0
2018-10-02,211.0,128.0,8.0,0.0,0.0
2018-10-03,200.0,133.0,597.0,0.0,0.0
2018-10-04,178.0,122.0,0.0,0.0,0.0
2018-10-05,200.0,72.0,0.0,0.0,0.0
2018-10-06,167.0,78.0,0.0,0.0,0.0
2018-10-07,172.0,133.0,5.0,0.0,0.0
2018-10-08,222.0,161.0,0.0,0.0,0.0
2018-10-09,200.0,172.0,0.0,0.0,0.0
2018-10-10,217.0,183.0,0.0,0.0,0.0
2018-10-11,239.0,183.0,112.0,0.0,0.0
2018-10-12,194.0,78.0,104.0,0.0,0.0
2018-10-13,106.0,28.0,64.0,0.0,0.0
2018-10-14,94.0,17.0,10.0,0.0,0.0
2018-10-15,89.0,17.0,18.0,0.0,0.0
2018-10-16,139.0,0.0,25.0,0.0,0.0
2018-10-17,83.0,0.0,0.0,0.0,0.0
2018-10-18,89.0,6.0,0.0,0.0,0.0
2018-10-19,89.0,-11.0,0.0,0.0,0.0
2018-10-20,100.0,-11.0,10.0,0.0,0.0
2018-10-21,111.0,-11.0,91.0,0.0,3.0
2018-10-22,56.0,-11.0,0.0,0.0,0.0
2018-10-23,67.0,0.0,0.0,0.0,0.0
2018-10-24,117.0,11.0,13.0,0.0,0.0
2018-10-25,39.0,-6.0,0.0,0.0,0.0
2018-10-26,50.0,-28.0,0.0,0.0,0.0
2018-10-27,67.0,-17.0,84.0,0.0,0.0
2018-10-28,33.0,17.0,193.0,0.0,0.0
2018-10-29,56.0,17.0,56.0,0.0,0.0
2018-10-30,67.0,0.0,20.0,0.0,0.0
2018-10-31,100.0,-6.0,0.0,0.0,0.0
2018-11-01,144.0,78.0,51.0,0.0,0.0
2018-11-02,161.0,67.0,102.0,0.0,0.0
2018-11-03,139.0,56.0,114.0,0.0,0.0
2018-11-04,67.0,-17.0,64.0,0.0,0.0
2018-11-05,94.0,-11.0,0.0,0.0,0.0
2018-11-06,72.0,39.0,191.0,0.0,0.0
2018-11-07,106.0,39.0,66.0,0.0,0.0
2018-11-08,111.0,-17.0,0.0,0.0,0.0
2018-11-09,61.0,-17.0,0.0,0.0,0.0
2018-11-10,50.0,-17.0,170.0,0.0,0.0
2018-11-11,-11.0,-50.0,0.0,0.0,0.0
2018-11-12,11.0,-39.0,0.0,0.0,0.0
2018-11-13,44.0,-39.0,114.0,25.0,25.0
2018-11-14,6.0,-44.0,0.0,0.0,0.0
2018-11-15,-28.0,-67.0,0.0,0.0,0.0
2018-11-16,-28.0,-61.0,356.0,254.0,287.0
2018-11-17,-6.0,-39.0,0.0,203.0,0.0
2018-11-18,6.0,-22.0,0.0,178.0,0.0
2018-11-19,11.0,-22.0,15.0,178.0,0.0
2018-11-20,11.0,-6.0,114.0,152.0,13.0
2018-11-21,11.0,-33.0,8.0,127.0,0.0
2018-11-22,-17.0,-139.0,8.0,127.0,8.0
2018-11-23,-89.0,-167.0,0.0,127.0,0.0
2018-11-24,-33.0,-156.0,0.0,127.0,0.0
2018-11-25,50.0,-33.0,157.0,102.0,0.0
2018-11-26,50.0,0.0,0.0,51.0,0.0
2018-11-27,56.0,-17.0,147.0,25.0,36.0
2018-11-28,-17.0,-39.0,5.0,25.0,3.0
2018-11-29,-6.0,-44.0,0.0,25.0,0.0
2018-11-30,6.0,-28.0,0.0,25.0,0.0
2018-12-01,-6.0,-28.0,8.0,25.0,0.0
2018-12-02,50.0,-22.0,58.0,0.0,0.0
2018-12-03,78.0,39.0,13.0,0.0,0.0
2018-12-04,44.0,-33.0,0.0,0.0,0.0
2018-12-05,-22.0,-100.0,0.0,0.0,0.0
2018-12-06,-22.0,-106.0,0.0,0.0,0.0
2018-12-07,-22.0,-61.0,18.0,25.0,33.0
2018-12-08,-44.0,-89.0,0.0,25.0,0.0
2018-12-09,-33.0,-100.0,0.0,25.0,0.0
2018-12-10,-44.0,-100.0,0.0,25.0,0.0
2018-12-11,-22.0,-89.0,0.0,25.0,0.0
2018-12-12,-39.0,-83.0,5.0,25.0,8.0
2018-12-13,-11.0,-44.0,0.0,25.0,0.0
2018-12-14,22.0,-22.0,0.0,25.0,0.0
2018-12-15,44.0,17.0,23.0,0.0,0.0
2018-12-16,44.0,0.0,211.0,0.0,0.0
2018-12-17,11.0,-6.0,51.0,0.0,0.0
2018-12-18,6.0,-44.0,0.0,0.0,0.0
2018-12-19,-33.0,-89.0,0.0,0.0,0.0
2018-12-20,11.0,-67.0,0.0,0.0,0.0
2018-12-21,133.0,-22.0,361.0,0.0,0.0
2018-12-22,139.0,-11.0,152.0,0.0,10.0
2018-12-23,-6.0,-22.0,5.0,25.0,8.0
2018-12-24,0.0,-22.0,20.0,51.0,15.0
2018-12-25,-6.0,-44.0,0.0,51.0,0.0
2018-12-26,-22.0,-39.0,0.0,51.0,0.0
2018-12-27,0.0,-33.0,0.0,25.0,0.0
2018-12-28,33.0,-28.0,104.0,0.0,0.0
2018-12-29,78.0,6.0,5.0,0.0,0.0
2018-12-30,17.0,-28.0,0.0,0.0,0.0
2018-12-31,-6.0,-28.0,0.0,0.0,0.0
2019-01-01,67.0,-17.0,185.0,0.0,0.0
2019-01-02,72.0,-28.0,0.0,0.0,0.0
2019-01-03,6.0,-28.0,8.0,0.0,0.0
2019-01-04,0.0,-39.0,0.0,0.0,0.0
2019-01-05,22.0,-33.0,191.0,0.0,0.0
2019-01-06,39.0,-17.0,0.0,0.0,0.0
2019-01-07,33.0,-94.0,0.0,0.0,0.0
2019-01-08,-17.0,-94.0,25.0,0.0,3.0
2019-01-09,28.0,-17.0,41.0,0.0,0.0
2019-01-10,-6.0,-67.0,3.0,0.0,8.0
2019-01-11,-44.0,-117.0,0.0,0.0,0.0
2019-01-12,-61.0,-128.0,0.0,0.0,0.0
2019-01-13,-50.0,-106.0,5.0,0.0,5.0
2019-01-14,-39.0,-144.0,0.0,0.0,0.0
2019-01-15,-11.0,-144.0,0.0,0.0,0.0
2019-01-16,-28.0,-100.0,0.0,0.0,0.0
2019-01-17,-17.0,-122.0,0.0,0.0,0.0
2019-01-18,-39.0,-117.0,13.0,25.0,18.0
2019-01-19,-22.0,-56.0,0.0,25.0,3.0
2019-01-20,11.0,-50.0,325.0,152.0,140.0
2019-01-21,-6.0,-228.0,30.0,127.0,13.0
2019-01-22,-161.0,-228.0,0.0,127.0,0.0
2019-01-23,-61.0,-189.0,0.0,127.0,0.0
2019-01-24,78.0,-61.0,480.0,51.0,0.0
2019-01-25,78.0,-61.0,196.0,25.0,5.0
2019-01-26,-44.0,-128.0,0.0,25.0,0.0
2019-01-27,-50.0,-128.0,0.0,25.0,0.0
2019-01-28,-17.0,-150.0,18.0,51.0,30.0
2019-01-29,-44.0,-144.0,18.0,51.0,18.0
2019-01-30,-44.0,-167.0,43.0,102.0,51.0
2019-01-31,-111.0,-244.0,10.0,102.0,5.0
2019-02-01,-156.0,-244.0,0.0,102.0,0.0
2019-02-02,-94.0,-189.0,0.0,76.0,0.0
2019-02-03,-6.0,-156.0,0.0,76.0,0.0
2019-02-04,50.0,-11.0,0.0,51.0,0.0
2019-02-05,122.0,6.0,0.0,0.0,0.0
2019-02-06,117.0,-33.0,0.0,0.0,0.0
2019-02-07,28.0,-33.0,94.0,0.0,0.0
2019-02-08,100.0,-39.0,140.0,0.0,0.0
2019-02-09,67.0,-61.0,0.0,0.0,0.0
2019-02-10,-17.0,-122.0,0.0,0.0,0.0
2019-02-11,-11.0,-133.0,10.0,0.0,10.0
2019-02-12,-17.0,-56.0,13.0,25.0,13.0
2019-02-13,0.0,-61.0,152.0,76.0,56.0
2019-02-14,-33.0,-61.0,102.0,102.0,18.0
2019-02-15,28.0,-61.0,0.0,76.0,0.0
2019-02-16,67.0,-56.0,0.0,51.0,0.0
2019-02-17,-17.0,-100.0,0.0,51.0,0.0
2019-02-18,-6.0,-100.0,48.0,76.0,38.0
2019-02-19,-22.0,-139.0,0.0,76.0,0.0
2019-02-20,-44.0,-139.0,0.0,76.0,0.0
2019-02-21,-17.0,-72.0,170.0,102.0,71.0
2019-02-22,56.0,-28.0,0.0,76.0,0.0
2019-02-23,11.0,-67.0,0.0,76.0,0.0
2019-02-24,17.0,-61.0,33.0,76.0,0.0
2019-02-25,22.0,-50.0,28.0,76.0,0.0
2019-02-26,-22.0,-100.0,0.0,76.0,0.0
2019-02-27,-44.0,-117.0,0.0,76.0,0.0
2019-02-28,-33.0,-117.0,20.0,76.0,20.0
2019-03-01,-56.0,-106.0,13.0,76.0,13.0
2019-03-02,-11.0,-83.0,5.0,76.0,8.0
2019-03-03,-6.0,-50.0,0.0,76.0,0.0
2019-03-04,0.0,-67.0,86.0,178.0,104.0
2019-03-05,-28.0,-139.0,0.0,178.0,0.0
2019-03-06,-67.0,-167.0,0.0,178.0,0.0
2019-03-07,-67.0,-161.0,0.0,178.0,0.0
2019-03-08,-50.0,-150.0,0.0,178.0,0.0
2019-03-09,-11.0,-133.0,0.0,178.0,0.0
2019-03-10,56.0,-78.0,109.0,127.0,13.0
2019-03-11,33.0,-6.0,0.0,127.0,0.0
2019-03-12,72.0,-56.0,0.0,102.0,0.0
2019-03-13,6.0,-56.0,0.0,102.0,0.0
2019-03-14,56.0,-56.0,0.0,51.0,0.0
2019-03-15,122.0,22.0,0.0,0.0,0.0
2019-03-16,156.0,-11.0,0.0,0.0,0.0
2019-03-17,17.0,-56.0,0.0,0.0,0.0
2019-03-18,6.0,-67.0,0.0,0.0,0.0
2019-03-19,22.0,-67.0,0.0,0.0,0.0
2019-03-20,44.0,-61.0,0.0,0.0,0.0
2019-03-21,72.0,-28.0,0.0,0.0,0.0
2019-03-22,39.0,-6.0,274.0,25.0,25.0
2019-03-23,33.0,-50.0,10.0,0.0,0.0
2019-03-24,33.0,-50.0,0.0,0.0,0.0
2019-03-25,67.0,-33.0,0.0,0.0,0.0
2019-03-26,39.0,-89.0,0.0,0.0,0.0
2019-03-27,28.0,-83.0,0.0,0.0,0.0
2019-03-28,61.0,-78.0,0.0,0.0,0.0
2019-03-29,111.0,-11.0,0.0,0.0,0.0
2019-03-30,100.0,50.0,36.0,0.0,0.0
2019-03-31,167.0,94.0,0.0,0.0,0.0
2019-04-01,100.0,-67.0,0.0,0.0,0.0
2019-04-02,22.0,-72.0,0.0,0.0,0.0
2019-04-03,61.0,-22.0,0.0,0.0,0.0
2019-04-04,122.0,-17.0,0.0,0.0,0.0
2019-04-05,89.0,-22.0,0.0,0.0,0.0
2019-04-06,6.0,-22.0,84.0,0.0,0.0
2019-04-07,144.0,6.0,0.0,0.0,0.0
2019-04-08,167.0,61.0,97.0,0.0,0.0
2019-04-09,189.0,78.0,0.0,0.0,0.0
2019-04-10,189.0,28.0,0.0,0.0,0.0
2019-04-11,83.0,-17.0,0.0,0.0,0.0
2019-04-12,89.0,-6.0,0.0,0.0,0.0
2019-04-13,133.0,50.0,165.0,0.0,0.0
2019-04-14,189.0,89.0,0.0,0.0,0.0
2019-04-15,172.0,89.0,389.0,0.0,0.0
2019-04-16,106.0,0.0,13.0,0.0,0.0
2019-04-17,100.0,6.0,30.0,0.0,0.0
2019-04-18,128.0,33.0,8.0,0.0,0.0
2019-04-19,167.0,72.0,0.0,0.0,0.0
2019-04-20,189.0,144.0,533.0,0.0,0.0
2019-04-21,206.0,83.0,20.0,0.0,0.0
2019-04-22,167.0,56.0,8.0,0.0,0.0
2019-04-23,167.0,61.0,0.0,0.0,0.0
2019-04-24,189.0,56.0,41.0,0.0,0.0
2019-04-25,167.0,22.0,0.0,0.0,0.0
2019-04-26,139.0,28.0,20.0,0.0,0.0
2019-04-27,150.0,28.0,178.0,0.0,0.0
2019-04-28,100.0,22.0,10.0,0.0,0.0
2019-04-29,50.0,-28.0,38.0,0.0,0.0
2019-04-30,117.0,-17.0,5.0,0.0,0.0
2019-05-01,117.0,61.0,0.0,0.0,0.0
2019-05-02,128.0,78.0,0.0,0.0,0.0
2019-05-03,228.0,111.0,0.0,0.0,0.0
2019-05-04,183.0,128.0,132.0,0.0,0.0
2019-05-05,194.0,83.0,117.0,0.0,0.0
2019-05-06,139.0,83.0,69.0,0.0,0.0
2019-05-07,211.0,94.0,8.0,0.0,0.0
2019-05-08,217.0,56.0,28.0,0.0,0.0
2019-05-09,167.0,56.0,0.0,0.0,0.0
2019-05-10,128.0,94.0,8.0,0.0,0.0
2019-05-11,222.0,61.0,38.0,0.0,0.0
2019-05-12,156.0,61.0,155.0,0.0,0.0
2019-05-13,61.0,22.0,178.0,0.0,0.0
2019-05-14,50.0,22.0,173.0,0.0,0.0
2019-05-15,67.0,33.0,28.0,0.0,0.0
2019-05-16,167.0,28.0,0.0,0.0,0.0
2019-05-17,200.0,61.0,0.0,0.0,0.0
2019-05-18,228.0,67.0,8.0,0.0,0.0
2019-05-19,222.0,72.0,0.0,0.0,0.0
2019-05-20,261.0,156.0,157.0,0.0,0.0
2019-05-21,233.0,56.0,0.0,0.0,0.0
2019-05-22,172.0,44.0,0.0,0.0,0.0
2019-05-23,189.0,39.0,107.0,0.0,0.0
2019-05-24,206.0,111.0,25.0,0.0,0.0
2019-05-25,211.0,72.0,0.0,0.0,0.0
2019-05-26,211.0,128.0,69.0,0.0,0.0
2019-05-27,244.0,106.0,152.0,0.0,0.0
2019-05-28,228.0,100.0,0.0,0.0,0.0
2019-05-29,222.0,117.0,165.0,0.0,0.0
2019-05-30,233.0,139.0,43.0,0.0,0.0
2019-05-31,172.0,122.0,140.0,0.0,0.0
2019-06-01,222.0,106.0,0.0,0.0,0.0
2019-06-02,239.0,117.0,30.0,0.0,0.0
2019-06-03,189.0,61.0,23.0,0.0,0.0
2019-06-04,161.0,28.0,0.0,0.0,0.0
2019-06-05,189.0,50.0,8.0,0.0,0.0
2019-06-06,228.0,133.0,102.0,0.0,0.0
2019-06-07,222.0,94.0,13.0,0.0,0.0
2019-06-08,222.0,106.0,0.0,0.0,0.0
2019-06-09,250.0,106.0,0.0,0.0,0.0
2019-06-10,239.0,156.0,0.0,0.0,0.0
2019-06-11,172.0,100.0,114.0,0.0,0.0
2019-06-12,206.0,67.0,0.0,0.0,0.0
2019-06-13,206.0,89.0,0.0,0.0,0.0
2019-06-14,150.0,94.0,107.0,0.0,0.0
2019-06-15,200.0,94.0,0.0,0.0,0.0
2019-06-16,211.0,133.0,64.0,0.0,0.0
2019-06-17,189.0,139.0,107.0,0.0,0.0
2019-06-18,178.0,139.0,145.0,0.0,0.0
2019-06-19,222.0,161.0,203.0,0.0,0.0
2019-06-20,244.0,167.0,13.0,0.0,0.0
2019-06-21,256.0,133.0,135.0,0.0,0.0
2019-06-22,211.0,106.0,15.0,0.0,0.0
2019-06-23,222.0,94.0,0.0,0.0,0.0
2019-06-24,261.0,117.0,0.0,0.0,0.0
2019-06-25,239.0,156.0,84.0,0.0,0.0
2019-06-26,272.0,133.0,0.0,0.0,0.0
2019-06-27,289.0,106.0,0.0,0.0,0.0
2019-06-28,289.0,150.0,0.0,0.0,0.0
2019-06-29,289.0,156.0,259.0,0.0,0.0
2019-06-30,261.0,167.0,30.0,0.0,0.0
2019-07-01,233.0,106.0,0.0,0.0,0.0
2019-07-02,261.0,111.0,0.0,0.0,0.0
2019-07-03,278.0,178.0,58.0,0.0,0.0
2019-07-04,272.0,183.0,48.0,0.0,0.0
2019-07-05,283.0,200.0,0.0,0.0,0.0
2019-07-06,267.0,206.0,0.0,0.0,0.0
2019-07-07,289.0,189.0,43.0,0.0,0.0
2019-07-08,250.0,144.0,127.0,0.0,0.0
2019-07-09,239.0,100.0,208.0,0.0,0.0
2019-07-10,256.0,139.0,0.0,0.0,0.0
2019-07-11,283.0,167.0,0.0,0.0,0.0
2019-07-12,244.0,178.0,0.0,0.0,0.0
2019-07-13,250.0,133.0,0.0,0.0,0.0
2019-07-14,267.0,139.0,0.0,0.0,0.0
2019-07-15,239.0,94.0,0.0,0.0,0.0
2019-07-16,267.0,106.0,0.0,0.0,0.0
2019-07-17,278.0,167.0,56.0,0.0,0.0
2019-07-18,278.0,200.0,99.0,0.0,0.0
2019-07-19,278.0,200.0,13.0,0.0,0.0
2019-07-20,300.0,139.0,18.0,0.0,0.0
2019-07-21,306.0,211.0,0.0,0.0,0.0
2019-07-22,306.0,161.0,97.0,0.0,0.0
2019-07-23,206.0,144.0,196.0,0.0,0.0
2019-07-24,217.0,122.0,0.0,0.0,0.0
2019-07-25,228.0,111.0,0.0,0.0,0.0
2019-07-26,244.0,111.0,0.0,0.0,0.0
2019-07-27,256.0,139.0,0.0,0.0,0.0
2019-07-28,261.0,161.0,0.0,0.0,0.0
2019-07-29,256.0,161.0,25.0,0.0,0.0
2019-07-30,283.0,183.0,0.0,0.0,0.0
2019-07-31,278.0,178.0,284.0,0.0,0.0
2019-08-01,256.0,156.0,64.0,0.0,0.0
2019-08-02,261.0,144.0,0.0,0.0,0.0
2019-08-03,256.0,139.0,5.0,0.0,0.0
2019-08-04,256.0,150.0,0.0,0.0,0.0
2019-08-05,261.0,100.0,0.0,0.0,0.0
2019-08-06,228.0,106.0,89.0,0.0,0.0
2019-08-07,239.0,156.0,107.0,0.0,0.0
2019-08-08,233.0,144.0,157.0,0.0,0.0
2019-08-09,244.0,133.0,15.0,0.0,0.0
2019-08-10,233.0,100.0,0.0,0.0,0.0
2019-08-11,228.0,122.0,0.0,0.0,0.0
2019-08-12,244.0,122.0,0.0,0.0,0.0
2019-08-13,261.0,117.0,0.0,0.0,0.0
2019-08-14,244.0,172.0,0.0,0.0,0.0
2019-08-15,261.0,167.0,0.0,0.0,0.0
2019-08-16,261.0,156.0,513.0,0.0,0.0
2019-08-17,250.0,139.0,8.0,0.0,0.0
2019-08-18,267.0,161.0,104.0,0.0,0.0
2019-08-19,278.0,167.0,89.0,0.0,0.0
2019-08-20,267.0,167.0,0.0,0.0,0.0
2019-08-21,267.0,167.0,23.0,0.0,0.0
2019-08-22,256.0,183.0,0.0,0.0,0.0
2019-08-23,256.0,133.0,58.0,0.0,0.0
2019-08-24,194.0,89.0,0.0,0.0,0.0
2019-08-25,194.0,89.0,0.0,0.0,0.0
2019-08-26,211.0,89.0,0.0,0.0,0.0
2019-08-27,206.0,89.0,0.0,0.0,0.0
2019-08-28,172.0,133.0,5.0,0.0,0.0
2019-08-29,189.0,106.0,64.0,0.0,0.0
2019-08-30,217.0,106.0,0.0,0.0,0.0
2019-08-31,217.0,78.0,0.0,0.0,0.0
2019-09-01,172.0,72.0,0.0,0.0,0.0
2019-09-02,189.0,100.0,127.0,0.0,0.0
2019-09-03,222.0,122.0,201.0,0.0,0.0
2019-09-04,228.0,122.0,0.0,0.0,0.0
2019-09-05,261.0,106.0,0.0,0.0,0.0
2019-09-06,183.0,78.0,0.0,0.0,0.0
2019-09-07,194.0,78.0,0.0,0.0,0.0
2019-09-08,189.0,111.0,0.0,0.0,0.0
2019-09-09,206.0,100.0,0.0,0.0,0.0
2019-09-10,206.0,100.0,0.0,0.0,0.0
2019-09-11,233.0,128.0,0.0,0.0,0.0
2019-09-12,261.0,172.0,43.0,0.0,0.0
2019-09-13,194.0,106.0,114.0,0.0,0.0
2019-09-14,156.0,111.0,0.0,0.0,0.0
2019-09-15,167.0,94.0,5.0,0.0,0.0
2019-09-16,217.0,111.0,0.0,0.0,0.0
2019-09-17,211.0,94.0,0.0,0.0,0.0
2019-09-18,200.0,72.0,0.0,0.0,0.0
2019-09-19,183.0,56.0,0.0,0.0,0.0
2019-09-20,189.0,61.0,0.0,0.0,0.0
2019-09-21,206.0,72.0,0.0,0.0,0.0
2019-09-22,239.0,117.0,0.0,0.0,0.0
2019-09-23,256.0,150.0,0.0,0.0,0.0
2019-09-24,233.0,122.0,33.0,0.0,0.0
2019-09-25,183.0,83.0,0.0,0.0,0.0
2019-09-26,206.0,83.0,0.0,0.0,0.0
2019-09-27,167.0,61.0,97.0,0.0,0.0
2019-09-28,189.0,67.0,0.0,0.0,0.0
2019-09-29,233.0,139.0,0.0,0.0,0.0
2019-09-30,189.0,111.0,0.0,0.0,0.0
2019-10-01,144.0,117.0,38.0,0.0,0.0
2019-10-02,211.0,144.0,0.0,0.0,0.0
2019-10-03,256.0,94.0,246.0,0.0,0.0
2019-10-04,128.0,94.0,46.0,0.0,0.0
2019-10-05,100.0,0.0,0.0,0.0,0.0
2019-10-06,128.0,0.0,5.0,0.0,0.0
2019-10-07,161.0,72.0,61.0,0.0,0.0
2019-10-08,156.0,78.0,274.0,0.0,0.0
2019-10-09,139.0,50.0,0.0,0.0,0.0
2019-10-10,144.0,39.0,0.0,0.0,0.0
2019-10-11,178.0,39.0,0.0,0.0,0.0
2019-10-12,178.0,33.0,0.0,0.0,0.0
2019-10-13,133.0,11.0,0.0,0.0,0.0
2019-10-14,133.0,11.0,0.0,0.0,0.0
2019-10-15,144.0,17.0,0.0,0.0,0.0
2019-10-16,128.0,17.0,0.0,0.0,0.0
2019-10-17,128.0,44.0,315.0,0.0,0.0
2019-10-18,72.0,39.0,0.0,0.0,0.0
2019-10-19,89.0,-17.0,0.0,0.0,0.0
2019-10-20,122.0,-6.0,0.0,0.0,0.0
2019-10-21,100.0,39.0,5.0,0.0,0.0
2019-10-22,161.0,11.0,0.0,0.0,0.0
2019-10-23,117.0,6.0,213.0,0.0,0.0
2019-10-24,56.0,-28.0,0.0,0.0,0.0
2019-10-25,144.0,-28.0,0.0,0.0,0.0
2019-10-26,56.0,-11.0,0.0,0.0,0.0
2019-10-27,94.0,-17.0,81.0,0.0,0.0
2019-10-28,156.0,78.0,155.0,0.0,0.0
2019-10-29,172.0,94.0,0.0,0.0,0.0
2019-10-30,122.0,89.0,0.0,0.0,0.0
2019-10-31,133.0,100.0,198.0,0.0,0.0
2019-11-01,189.0,17.0,551.0,0.0,0.0
2019-11-02,56.0,-17.0,0.0,0.0,0.0
2019-11-03,50.0,-22.0,0.0,0.0,0.0
2019-11-04,50.0,-17.0,0.0,0.0,0.0
2019-11-05,72.0,-6.0,0.0,0.0,0.0
2019-11-06,89.0,0.0,0.0,0.0,0.0
2019-11-07,67.0,-6.0,0.0,0.0,0.0
2019-11-08,56.0,-50.0,91.0,0.0,5.0
2019-11-09,-33.0,-94.0,0.0,0.0,0.0
2019-11-10,-6.0,-94.0,0.0,0.0,0.0
2019-11-11,61.0,-17.0,0.0,0.0,0.0
2019-11-12,89.0,-50.0,79.0,25.0,15.0
2019-11-13,-44.0,-122.0,0.0,25.0,0.0
2019-11-14,-17.0,-111.0,0.0,25.0,0.0
2019-11-15,-6.0,-61.0,0.0,25.0,0.0
2019-11-16,44.0,-61.0,0.0,25.0,0.0
2019-11-17,-6.0,-83.0,0.0,0.0,0.0
2019-11-18,28.0,-83.0,0.0,0.0,0.0
2019-11-19,44.0,-11.0,0.0,0.0,0.0
2019-11-20,33.0,0.0,0.0,0.0,0.0
2019-11-21,22.0,0.0,0.0,0.0,0.0
2019-11-22,61.0,0.0,0.0,0.0,0.0
2019-11-23,67.0,-61.0,0.0,0.0,0.0
2019-11-24,17.0,-61.0,180.0,0.0,8.0
2019-11-25,6.0,-17.0,51.0,51.0,41.0
2019-11-26,50.0,-17.0,0.0,0.0,0.0
2019-11-27,111.0,-17.0,0.0,0.0,0.0
2019-11-28,111.0,11.0,0.0,0.0,0.0
2019-11-29,17.0,-56.0,0.0,0.0,0.0
2019-11-30,-11.0,-61.0,0.0,0.0,0.0
2019-12-01,0.0,-61.0,0.0,0.0,0.0
2019-12-02,-6.0,-44.0,142.0,76.0,76.0
2019-12-03,-22.0,-78.0,30.0,102.0,51.0
2019-12-04,-22.0,-83.0,13.0,127.0,18.0
2019-12-05,-11.0,-28.0,18.0,127.0,25.0
2019-12-06,-17.0,-50.0,8.0,127.0,13.0
2019-12-07,17.0,-50.0,0.0,102.0,0.0
2019-12-08,-22.0,-94.0,0.0,102.0,0.0
2019-12-09,22.0,-72.0,0.0,76.0,0.0
2019-12-10,72.0,11.0,259.0,0.0,0.0
2019-12-11,78.0,-44.0,28.0,0.0,0.0
2019-12-12,-28.0,-100.0,0.0,0.0,0.0
2019-12-13,-22.0,-100.0,0.0,0.0,0.0
2019-12-14,67.0,-28.0,51.0,0.0,0.0
2019-12-15,89.0,-6.0,119.0,0.0,0.0
2019-12-16,6.0,-44.0,0.0,0.0,0.0
2019-12-17,-11.0,-50.0,61.0,25.0,25.0
2019-12-18,-6.0,-67.0,36.0,25.0,0.0
2019-12-19,-44.0,-156.0,13.0,25.0,0.0
2019-12-20,-83.0,-150.0,0.0,25.0,0.0
2019-12-21,-61.0,-128.0,0.0,25.0,0.0
2019-12-22,-33.0,-89.0,0.0,25.0,0.0
2019-12-23,33.0,-56.0,0.0,25.0,0.0
2019-12-24,78.0,-11.0,0.0,0.0,0.0
2019-12-25,39.0,-33.0,0.0,0.0,0.0
2019-12-26,28.0,-22.0,0.0,0.0,0.0
2019-12-27,61.0,-17.0,0.0,0.0,0.0
2019-12-28,61.0,11.0,0.0,0.0,0.0
2019-12-29,50.0,-6.0,0.0,0.0,0.0
2019-12-30,56.0,-11.0,86.0,0.0,0.0
2019-12-31,56.0,0.0,48.0,0.0,0.0
2020-01-01,11.0,-50.0,15.0,0.0,8.0
2020-01-02,-22.0,-50.0,0.0,0.0,0.0
2020-01-03,50.0,-22.0,0.0,0.0,0.0
2020-01-04,67.0,28.0,91.0,0.0,0.0
2020-01-05,61.0,-33.0,5.0,0.0,0.0
2020-01-06,61.0,-44.0,28.0,51.0,53.0
2020-01-07,11.0,-39.0,0.0,25.0,0.0
2020-01-08,-6.0,-50.0,36.0,51.0,38.0
2020-01-09,-22.0,-128.0,5.0,51.0,0.0
2020-01-10,-33.0,-139.0,0.0,51.0,0.0
2020-01-11,89.0,-33.0,0.0,0.0,0.0
2020-01-12,156.0,89.0,127.0,0.0,0.0
2020-01-13,122.0,-33.0,0.0,0.0,0.0
2020-01-14,33.0,-17.0,0.0,0.0,0.0
2020-01-15,28.0,-11.0,0.0,0.0,0.0
2020-01-16,39.0,-17.0,36.0,0.0,0.0
2020-01-17,28.0,-117.0,15.0,0.0,0.0
2020-01-18,-83.0,-128.0,0.0,0.0,0.0
2020-01-19,-22.0,-128.0,76.0,76.0,69.0
2020-01-20,-22.0,-117.0,8.0,76.0,5.0
2020-01-21,-72.0,-133.0,0.0,76.0,0.0
2020-01-22,-50.0,-117.0,0.0,76.0,0.0
2020-01-23,-17.0,-117.0,0.0,76.0,0.0
2020-01-24,39.0,-78.0,0.0,76.0,0.0
2020-01-25,72.0,-22.0,117.0,0.0,0.0
2020-01-26,28.0,-17.0,180.0,0.0,0.0
2020-01-27,-6.0,-22.0,0.0,0.0,0.0
2020-01-28,6.0,-28.0,5.0,0.0,0.0
2020-01-29,-17.0,-39.0,0.0,0.0,0.0
2020-01-30,-17.0,-111.0,0.0,0.0,0.0
2020-01-31,-11.0,-111.0,0.0,0.0,0.0
2020-02-01,17.0,-39.0,0.0,0.0,0.0
2020-02-02,6.0,-28.0,13.0,25.0,13.0
2020-02-03,11.0,-28.0,76.0,51.0,43.0
2020-02-04,100.0,6.0,0.0,0.0,0.0
2020-02-05,111.0,-33.0,20.0,0.0,0.0
2020-02-06,-11.0,-44.0,53.0,0.0,0.0
2020-02-07,67.0,-11.0,51.0,0.0,0.0
2020-02-08,44.0,-94.0,262.0,76.0,91.0
2020-02-09,-28.0,-94.0,0.0,76.0,0.0
2020-02-10,0.0,-50.0,46.0,102.0,51.0
2020-02-11,22.0,-6.0,15.0,51.0,0.0
2020-02-12,33.0,-33.0,0.0,25.0,0.0
2020-02-13,11.0,-39.0,76.0,51.0,51.0
2020-02-14,6.0,-89.0,20.0,51.0,15.0
2020-02-15,-89.0,-183.0,0.0,51.0,0.0
2020-02-16,-50.0,-178.0,0.0,51.0,0.0
2020-02-17,11.0,-61.0,0.0,51.0,0.0
2020-02-18,39.0,-61.0,0.0,25.0,0.0
2020-02-19,28.0,-33.0,38.0,25.0,0.0
2020-02-20,6.0,-94.0,0.0,25.0,0.0
2020-02-21,-33.0,-128.0,0.0,0.0,0.0
2020-02-22,-22.0,-128.0,0.0,0.0,0.0
2020-02-23,50.0,-122.0,0.0,0.0,0.0
2020-02-24,72.0,-22.0,0.0,0.0,0.0
2020-02-25,100.0,17.0,0.0,0.0,0.0
2020-02-26,67.0,11.0,20.0,0.0,0.0
2020-02-27,56.0,-22.0,218.0,76.0,69.0
2020-02-28,-22.0,-89.0,5.0,76.0,0.0
2020-02-29,-39.0,-94.0,0.0,76.0,0.0
2020-03-01,-61.0,-100.0,5.0,76.0,0.0
2020-03-02,17.0,-89.0,0.0,76.0,0.0
2020-03-03,117.0,11.0,15.0,0.0,0.0
2020-03-04,89.0,6.0,74.0,0.0,0.0
2020-03-05,72.0,-28.0,0.0,0.0,0.0
2020-03-06,67.0,-28.0,0.0,0.0,0.0
2020-03-07,39.0,-106.0,74.0,51.0,48.0
2020-03-08,0.0,-67.0,0.0,25.0,0.0
2020-03-09,106.0,-39.0,0.0,0.0,0.0
2020-03-10,178.0,61.0,0.0,0.0,0.0
2020-03-11,111.0,-17.0,46.0,0.0,0.0
2020-03-12,67.0,-22.0,0.0,0.0,0.0
2020-03-13,83.0,28.0,51.0,0.0,0.0
2020-03-14,133.0,-22.0,0.0,0.0,0.0
2020-03-15,61.0,-17.0,0.0,0.0,0.0
2020-03-16,50.0,-83.0,0.0,0.0,0.0
2020-03-17,61.0,-83.0,0.0,0.0,0.0
2020-03-18,50.0,-33.0,0.0,0.0,0.0
2020-03-19,89.0,-33.0,107.0,0.0,0.0
2020-03-20,94.0,28.0,38.0,0.0,0.0
2020-03-21,156.0,-39.0,0.0,0.0,0.0
2020-03-22,11.0,-89.0,0.0,0.0,0.0
2020-03-23,44.0,-89.0,71.0,25.0,33.0
2020-03-24,11.0,-28.0,66.0,25.0,0.0
2020-03-25,22.0,-17.0,0.0,0.0,0.0
2020-03-26,44.0,-17.0,0.0,0.0,0.0
2020-03-27,83.0,11.0,0.0,0.0,0.0
2020-03-28,117.0,33.0,0.0,0.0,0.0
2020-03-29,67.0,33.0,173.0,0.0,0.0
2020-03-30,89.0,50.0,43.0,0.0,0.0
2020-03-31,94.0,17.0,23.0,0.0,0.0
2020-04-01,72.0,17.0,33.0,0.0,0.0
2020-04-02,67.0,-22.0,0.0,0.0,0.0
2020-04-03,78.0,-22.0,0.0,0.0,0.0
2020-04-04,44.0,6.0,8.0,0.0,0.0
2020-04-05,106.0,33.0,0.0,0.0,0.0
2020-04-06,150.0,-6.0,8.0,0.0,0.0
2020-04-07,128.0,0.0,0.0,0.0,0.0
2020-04-08,156.0,39.0,81.0,0.0,0.0
2020-04-09,167.0,56.0,0.0,0.0,0.0
2020-04-10,89.0,-22.0,79.0,0.0,5.0
2020-04-11,22.0,-28.0,0.0,0.0,0.0
2020-04-12,78.0,-28.0,0.0,0.0,0.0
2020-04-13,161.0,22.0,127.0,0.0,0.0
2020-04-14,161.0,11.0,97.0,0.0,0.0
2020-04-15,161.0,-33.0,0.0,0.0,0.0
2020-04-16,56.0,-39.0,8.0,0.0,0.0
2020-04-17,28.0,-44.0,5.0,0.0,0.0
2020-04-18,22.0,-39.0,196.0,102.0,132.0
2020-04-19,39.0,-17.0,0.0,76.0,0.0
2020-04-20,122.0,0.0,0.0,0.0,0.0
2020-04-21,111.0,-11.0,0.0,0.0,0.0
2020-04-22,78.0,-44.0,0.0,0.0,0.0
2020-04-23,61.0,-44.0,0.0,0.0,0.0
2020-04-24,94.0,-11.0,8.0,0.0,0.0
2020-04-25,89.0,39.0,33.0,0.0,0.0
2020-04-26,133.0,33.0,5.0,0.0,0.0
2020-04-27,56.0,-6.0,163.0,0.0,0.0
2020-04-28,39.0,-11.0,15.0,0.0,0.0
2020-04-29,139.0,-11.0,3.0,0.0,0.0
2020-04-30,150.0,67.0,20.0,0.0,0.0
2020-05-01,144.0,78.0,622.0,0.0,0.0
2020-05-02,139.0,50.0,10.0,0.0,0.0
2020-05-03,178.0,44.0,0.0,0.0,0.0
2020-05-04,239.0,78.0,0.0,0.0,0.0
2020-05-05,128.0,-6.0,0.0,0.0,0.0
2020-05-06,133.0,-6.0,0.0,0.0,0.0
2020-05-07,78.0,-11.0,33.0,0.0,0.0
2020-05-08,133.0,-17.0,20.0,0.0,0.0
2020-05-09,56.0,-67.0,84.0,25.0,33.0
2020-05-10,22.0,-111.0,0.0,0.0,0.0
2020-05-11,133.0,-11.0,0.0,0.0,0.0
2020-05-12,78.0,0.0,58.0,0.0,0.0
2020-05-13,89.0,-22.0,0.0,0.0,0.0
2020-05-14,139.0,-22.0,0.0,0.0,0.0
2020-05-15,178.0,22.0,15.0,0.0,0.0
2020-05-16,250.0,106.0,145.0,0.0,0.0
2020-05-17,183.0,78.0,0.0,0.0,0.0
2020-05-18,172.0,78.0,0.0,0.0,0.0
2020-05-19,206.0,111.0,0.0,0.0,0.0
2020-05-20,189.0,61.0,0.0,0.0,0.0
2020-05-21,194.0,22.0,0.0,0.0,0.0
2020-05-22,206.0,28.0,0.0,0.0,0.0
2020-05-23,189.0,111.0,122.0,0.0,0.0
2020-05-24,228.0,122.0,8.0,0.0,0.0
2020-05-25,206.0,122.0,0.0,0.0,0.0
2020-05-26,239.0,122.0,0.0,0.0,0.0
2020-05-27,289.0,144.0,0.0,0.0,0.0
2020-05-28,233.0,161.0,0.0,0.0,0.0
2020-05-29,222.0,172.0,160.0,0.0,0.0
2020-05-30,256.0,117.0,109.0,0.0,0.0
2020-05-31,206.0,50.0,0.0,0.0,0.0
2020-06-01,150.0,22.0,0.0,0.0,0.0
2020-06-02,189.0,28.0,0.0,0.0,0.0
2020-06-03,172.0,117.0,0.0,0.0,0.0
2020-06-04,250.0,133.0,61.0,0.0,0.0
2020-06-05,250.0,144.0,46.0,0.0,0.0
2020-06-06,244.0,167.0,0.0,0.0,0.0
2020-06-07,256.0,100.0,0.0,0.0,0.0
2020-06-08,206.0,61.0,0.0,0.0,0.0
2020-06-09,239.0,67.0,0.0,0.0,0.0
2020-06-10,283.0,161.0,0.0,0.0,0.0
2020-06-11,328.0,189.0,343.0,0.0,0.0
2020-06-12,244.0,128.0,0.0,0.0,0.0
2020-06-13,228.0,61.0,0.0,0.0,0.0
2020-06-14,167.0,28.0,0.0,0.0,0.0
2020-06-15,183.0,33.0,0.0,0.0,0.0
2020-06-16,217.0,78.0,0.0,0.0,0.0
2020-06-17,233.0,78.0,0.0,0.0,0.0
2020-06-18,261.0,128.0,0.0,0.0,0.0
2020-06-19,239.0,144.0,0.0,0.0,0.0
2020-06-20,256.0,144.0,43.0,0.0,0.0
2020-06-21,261.0,156.0,5.0,0.0,0.0
2020-06-22,267.0,161.0,0.0,0.0,0.0
2020-06-23,289.0,172.0,0.0,0.0,0.0
2020-06-24,267.0,133.0,84.0,0.0,0.0
2020-06-25,239.0,128.0,0.0,0.0,0.0
2020-06-26,244.0,122.0,41.0,0.0,0.0
2020-06-27,256.0,133.0,25.0,0.0,0.0
2020-06-28,239.0,144.0,107.0,0.0,0.0
2020-06-29,267.0,150.0,20.0,0.0,0.0
2020-06-30,272.0,156.0,0.0,0.0,0.0
2020-07-01,239.0,156.0,0.0,0.0,0.0
2020-07-02,256.0,150.0,28.0,0.0,0.0
2020-07-03,306.0,100.0,0.0,0.0,0.0
2020-07-04,300.0,167.0,99.0,0.0,0.0
2020-07-05,294.0,144.0,0.0,0.0,0.0
2020-07-06,306.0,144.0,0.0,0.0,0.0
2020-07-07,294.0,167.0,36.0,0.0,0.0
2020-07-08,239.0,178.0,0.0,0.0,0.0
2020-07-09,283.0,178.0,373.0,0.0,0.0
2020-07-10,300.0,183.0,0.0,0.0,0.0
2020-07-11,261.0,183.0,160.0,0.0,0.0
2020-07-12,250.0,156.0,325.0,0.0,0.0
2020-07-13,261.0,144.0,5.0,0.0,0.0
2020-07-14,250.0,128.0,0.0,0.0,0.0
2020-07-15,267.0,128.0,0.0,0.0,0.0
2020-07-16,272.0,144.0,0.0,0.0,0.0
2020-07-17,206.0,172.0,23.0,0.0,0.0
2020-07-18,283.0,150.0,0.0,0.0,0.0
2020-07-19,300.0,156.0,0.0,0.0,0.0
2020-07-20,311.0,206.0,41.0,0.0,0.0
2020-07-21,289.0,178.0,0.0,0.0,0.0
2020-07-22,289.0,178.0,0.0,0.0,0.0
2020-07-23,272.0,178.0,0.0,0.0,0.0
2020-07-24,278.0,183.0,97.0,0.0,0.0
2020-07-25,261.0,172.0,0.0,0.0,0.0
2020-07-26,294.0,178.0,0.0,0.0,0.0
2020-07-27,300.0,189.0,0.0,0.0,0.0
2020-07-28,322.0,194.0,0.0,0.0,0.0
2020-07-29,267.0,156.0,114.0,0.0,0.0
2020-07-30,283.0,161.0,28.0,0.0,0.0
2020-07-31,283.0,161.0,0.0,0.0,0.0
2020-08-01,272.0,144.0,0.0,0.0,0.0
2020-08-02,261.0,144.0,5.0,0.0,0.0
2020-08-03,289.0,172.0,5.0,0.0,0.0
2020-08-04,267.0,172.0,30.0,0.0,0.0
2020-08-05,233.0,156.0,259.0,0.0,0.0
2020-08-06,250.0,128.0,0.0,0.0,0.0
2020-08-07,239.0,128.0,43.0,0.0,0.0
2020-08-08,217.0,144.0,30.0,0.0,0.0
2020-08-09,272.0,144.0,0.0,0.0,0.0
2020-08-10,272.0,172.0,0.0,0.0,0.0
2020-08-11,289.0,178.0,0.0,0.0,0.0
2020-08-12,283.0,178.0,99.0,0.0,0.0
2020-08-13,278.0,161.0,0.0,0.0,0.0
2020-08-14,278.0,100.0,0.0,0.0,0.0
2020-08-15,278.0,156.0,0.0,0.0,0.0
2020-08-16,233.0,150.0,5.0,0.0,0.0
2020-08-17,239.0,150.0,0.0,0.0,0.0
2020-08-18,261.0,128.0,8.0,0.0,0.0
2020-08-19,244.0,122.0,0.0,0.0,0.0
2020-08-20,222.0,89.0,0.0,0.0,0.0
2020-08-21,244.0,89.0,0.0,0.0,0.0
2020-08-22,272.0,144.0,0.0,0.0,0.0
2020-08-23,294.0,161.0,0.0,0.0,0.0
2020-08-24,289.0,178.0,0.0,0.0,0.0
2020-08-25,278.0,178.0,36.0,0.0,0.0
2020-08-26,278.0,128.0,18.0,0.0,0.0
2020-08-27,222.0,133.0,94.0,0.0,0.0
2020-08-28,294.0,161.0,25.0,0.0,0.0
2020-08-29,256.0,167.0,20.0,0.0,0.0
2020-08-30,256.0,128.0,41.0,0.0,0.0
2020-08-31,217.0,100.0,0.0,0.0,0.0
2020-09-01,211.0,100.0,0.0,0.0,0.0
2020-09-02,189.0,156.0,71.0,0.0,0.0
2020-09-03,222.0,156.0,503.0,0.0,0.0
2020-09-04,228.0,156.0,0.0,0.0,0.0
2020-09-05,228.0,83.0,0.0,0.0,0.0
2020-09-06,211.0,89.0,0.0,0.0,0.0
2020-09-07,222.0,117.0,0.0,0.0,0.0
2020-09-08,222.0,144.0,0.0,0.0,0.0
2020-09-09,267.0,144.0,0.0,0.0,0.0
2020-09-10,256.0,156.0,0.0,0.0,0.0
2020-09-11,267.0,161.0,0.0,0.0,0.0
2020-09-12,172.0,83.0,0.0,0.0,0.0
2020-09-13,161.0,111.0,0.0,0.0,0.0
2020-09-14,206.0,122.0,13.0,0.0,0.0
2020-09-15,172.0,44.0,0.0,0.0,0.0
2020-09-16,167.0,39.0,0.0,0.0,0.0
2020-09-17,178.0,72.0,0.0,0.0,0.0
2020-09-18,206.0,94.0,0.0,0.0,0.0
2020-09-19,156.0,11.0,0.0,0.0,0.0
2020-09-20,128.0,11.0,0.0,0.0,0.0
2020-09-21,128.0,6.0,0.0,0.0,0.0
2020-09-22,161.0,6.0,0.0,0.0,0.0
2020-09-23,189.0,33.0,0.0,0.0,0.0
2020-09-24,233.0,78.0,0.0,0.0,0.0
2020-09-25,206.0,111.0,0.0,0.0,0.0
2020-09-26,233.0,111.0,0.0,0.0,0.0
2020-09-27,183.0,106.0,20.0,0.0,0.0
2020-09-28,206.0,150.0,15.0,0.0,0.0
2020-09-29,222.0,161.0,8.0,0.0,0.0
2020-09-30,183.0,83.0,302.0,0.0,0.0
2020-10-01,144.0,83.0,0.0,0.0,0.0
2020-10-02,156.0,61.0,0.0,0.0,0.0
2020-10-03,128.0,22.0,0.0,0.0,0.0
2020-10-04,122.0,22.0,0.0,0.0,0.0
2020-10-05,144.0,50.0,0.0,0.0,0.0
2020-10-06,122.0,44.0,0.0,0.0,0.0
2020-10-07,144.0,44.0,0.0,0.0,0.0
2020-10-08,172.0,50.0,5.0,0.0,0.0
2020-10-09,133.0,44.0,0.0,0.0,0.0
2020-10-10,167.0,50.0,0.0,0.0,0.0
2020-10-11,206.0,106.0,0.0,0.0,0.0
2020-10-12,161.0,83.0,43.0,0.0,0.0
2020-10-13,100.0,72.0,25.0,0.0,0.0
2020-10-14,150.0,44.0,10.0,0.0,0.0
2020-10-15,156.0,44.0,0.0,0.0,0.0
2020-10-16,206.0,61.0,71.0,0.0,0.0
2020-10-17,72.0,-17.0,13.0,0.0,0.0
2020-10-18,100.0,-17.0,0.0,0.0,0.0
2020-10-19,117.0,33.0,0.0,0.0,0.0
2020-10-20,128.0,100.0,69.0,0.0,0.0
2020-10-21,156.0,94.0,0.0,0.0,0.0
2020-10-22,211.0,139.0,0.0,0.0,0.0
2020-10-23,239.0,144.0,0.0,0.0,0.0
2020-10-24,200.0,133.0,10.0,0.0,0.0
2020-10-25,133.0,0.0,13.0,0.0,0.0
2020-10-26,78.0,-6.0,28.0,0.0,0.0
2020-10-27,94.0,44.0,46.0,0.0,0.0
2020-10-28,78.0,39.0,41.0,0.0,0.0
2020-10-29,83.0,50.0,28.0,0.0,0.0
2020-10-30,56.0,0.0,340.0,0.0,5.0
2020-10-31,11.0,-11.0,36.0,0.0,13.0
2020-11-01,33.0,-11.0,0.0,0.0,0.0
2020-11-02,61.0,-17.0,94.0,0.0,0.0
2020-11-03,17.0,-28.0,0.0,0.0,0.0
2020-11-04,89.0,11.0,0.0,0.0,0.0
2020-11-05,144.0,61.0,0.0,0.0,0.0
2020-11-06,156.0,72.0,0.0,0.0,0.0
2020-11-07,172.0,83.0,0.0,0.0,0.0
2020-11-08,178.0,78.0,0.0,0.0,0.0
2020-11-09,217.0,89.0,0.0,0.0,0.0
2020-11-10,194.0,94.0,0.0,0.0,0.0
2020-11-11,194.0,111.0,0.0,0.0,0.0
2020-11-12,161.0,50.0,251.0,0.0,0.0
2020-11-13,50.0,-22.0,10.0,0.0,0.0
2020-11-14,89.0,6.0,0.0,0.0,0.0
2020-11-15,61.0,-11.0,0.0,0.0,0.0
2020-11-16,100.0,11.0,147.0,0.0,0.0
2020-11-17,50.0,-11.0,0.0,0.0,0.0
2020-11-18,17.0,-56.0,13.0,0.0,13.0
2020-11-19,-22.0,-72.0,0.0,0.0,0.0
2020-11-20,56.0,-44.0,0.0,0.0,0.0
2020-11-21,139.0,50.0,0.0,0.0,0.0
2020-11-22,83.0,-17.0,0.0,0.0,0.0
2020-11-23,89.0,-6.0,173.0,0.0,0.0
2020-11-24,50.0,-17.0,10.0,0.0,0.0
2020-11-25,28.0,-11.0,0.0,0.0,0.0
2020-11-26,89.0,11.0,36.0,0.0,0.0
2020-11-27,100.0,61.0,53.0,0.0,0.0
2020-11-28,72.0,39.0,0.0,0.0,0.0
2020-11-29,56.0,-17.0,5.0,0.0,0.0
2020-11-30,67.0,-22.0,18.0,0.0,0.0
2020-12-01,117.0,11.0,150.0,0.0,0.0
2020-12-02,11.0,-39.0,41.0,51.0,43.0
2020-12-03,6.0,-50.0,15.0,51.0,15.0
2020-12-04,39.0,-50.0,0.0,51.0,0.0
2020-12-05,78.0,11.0,0.0,0.0,0.0
2020-12-06,11.0,-39.0,5.0,0.0,5.0
2020-12-07,-22.0,-50.0,0.0,0.0,0.0
2020-12-08,-28.0,-61.0,0.0,0.0,0.0
2020-12-09,-6.0,-67.0,0.0,0.0,0.0
2020-12-10,0.0,-44.0,36.0,51.0,46.0
2020-12-11,28.0,-11.0,0.0,0.0,0.0
2020-12-12,72.0,17.0,0.0,0.0,0.0
2020-12-13,89.0,17.0,5.0,0.0,0.0
2020-12-14,67.0,-11.0,5.0,0.0,5.0
2020-12-15,0.0,-61.0,18.0,25.0,13.0
2020-12-16,-28.0,-100.0,0.0,0.0,0.0
2020-12-17,-50.0,-100.0,577.0,533.0,521.0
2020-12-18,-67.0,-100.0,0.0,508.0,0.0
2020-12-19,-61.0,-128.0,0.0,457.0,0.0
2020-12-20,-39.0,-128.0,0.0,406.0,0.0
2020-12-21,-17.0,-61.0,13.0,406.0,15.0
2020-12-22,0.0,-28.0,10.0,381.0,15.0
2020-12-23,6.0,-50.0,0.0,330.0,0.0
2020-12-24,33.0,-56.0,0.0,254.0,0.0
2020-12-25,117.0,-11.0,833.0,0.0,0.0
2020-12-26,-11.0,-117.0,25.0,76.0,76.0
2020-12-27,-89.0,-122.0,0.0,51.0,0.0
2020-12-28,-11.0,-89.0,5.0,51.0,5.0
2020-12-29,22.0,-44.0,0.0,51.0,0.0
2020-12-30,-33.0,-89.0,0.0,51.0,0.0
2020-12-31,0.0,-44.0,15.0,25.0,0.0
2021-01-01,0.0,-83.0,0.0,0.0,0.0
2021-01-02,11.0,-72.0,130.0,0.0,0.0
2021-01-03,22.0,-39.0,0.0,0.0,0.0
2021-01-04,-6.0,-33.0,117.0,152.0,160.0
2021-01-05,6.0,-22.0,0.0,102.0,0.0
2021-01-06,-6.0,-33.0,3.0,102.0,0.0
2021-01-07,-22.0,-128.0,0.0,102.0,0.0
2021-01-08,-28.0,-67.0,0.0,102.0,0.0
2021-01-09,-33.0,-150.0,0.0,102.0,0.0
2021-01-10,-11.0,-94.0,0.0,76.0,0.0
2021-01-11,0.0,-67.0,0.0,76.0,0.0
2021-01-12,11.0,-78.0,0.0,76.0,0.0
2021-01-13,-17.0,-61.0,0.0,76.0,0.0
2021-01-14,11.0,-39.0,0.0,76.0,0.0
2021-01-15,11.0,-17.0,28.0,76.0,38.0
2021-01-16,33.0,-11.0,224.0,102.0,51.0
2021-01-17,17.0,-39.0,5.0,76.0,3.0
2021-01-18,0.0,-39.0,18.0,76.0,25.0
2021-01-19,-6.0,-44.0,0.0,76.0,0.0
2021-01-20,-11.0,-44.0,13.0,76.0,15.0
2021-01-21,-39.0,-100.0,10.0,76.0,10.0
2021-01-22,6.0,-78.0,0.0,76.0,0.0
2021-01-23,0.0,-100.0,0.0,76.0,0.0
2021-01-24,-67.0,-106.0,0.0,76.0,0.0
2021-01-25,-61.0,-117.0,0.0,76.0,0.0
2021-01-26,-6.0,-117.0,0.0,76.0,0.0
2021-01-27,-22.0,-56.0,71.0,76.0,28.0
2021-01-28,-39.0,-106.0,0.0,76.0,0.0
2021-01-29,-78.0,-139.0,0.0,76.0,0.0
2021-01-30,-89.0,-144.0,5.0,102.0,5.0
2021-01-31,-50.0,-128.0,0.0,102.0,0.0
2021-02-01,-56.0,-94.0,81.0,178.0,109.0
2021-02-02,-56.0,-78.0,188.0,356.0,188.0
2021-02-03,-50.0,-72.0,117.0,381.0,51.0
2021-02-04,-39.0,-83.0,20.0,381.0,25.0
2021-02-05,22.0,-89.0,18.0,356.0,25.0
2021-02-06,17.0,-61.0,8.0,356.0,8.0
2021-02-07,-17.0,-78.0,0.0,305.0,0.0
2021-02-08,-11.0,-178.0,28.0,330.0,38.0
2021-02-09,-67.0,-178.0,13.0,330.0,13.0
2021-02-10,-17.0,-94.0,38.0,330.0,51.0
2021-02-11,-39.0,-106.0,30.0,356.0,38.0
2021-02-12,-56.0,-144.0,0.0,356.0,0.0
2021-02-13,-61.0,-144.0,0.0,356.0,0.0
2021-02-14,-61.0,-144.0,0.0,356.0,0.0
2021-02-15,-33.0,-78.0,0.0,356.0,0.0
2021-02-16,0.0,-83.0,234.0,279.0,0.0
2021-02-17,0.0,-144.0,0.0,279.0,0.0
2021-02-18,-61.0,-144.0,25.0,305.0,38.0
2021-02-19,-61.0,-94.0,48.0,330.0,64.0
2021-02-20,-22.0,-122.0,10.0,330.0,25.0
2021-02-21,-44.0,-128.0,0.0,330.0,0.0
2021-02-22,-22.0,-128.0,0.0,330.0,0.0
2021-02-23,-22.0,-61.0,81.0,381.0,140.0
2021-02-24,11.0,-39.0,5.0,356.0,5.0
2021-02-25,83.0,-22.0,0.0,305.0,0.0
2021-02-26,33.0,-67.0,0.0,279.0,0.0
2021-02-27,17.0,-56.0,38.0,305.0,51.0
2021-02-28,28.0,-17.0,5.0,254.0,0.0
2021-03-01,28.0,-17.0,127.0,229.0,0.0
2021-03-02,28.0,-117.0,5.0,229.0,0.0
2021-03-03,-28.0,-117.0,0.0,229.0,0.0
2021-03-04,72.0,-67.0,0.0,178.0,0.0
2021-03-05,-17.0,-122.0,0.0,178.0,0.0
2021-03-06,-28.0,-122.0,0.0,152.0,0.0
2021-03-07,-44.0,-111.0,0.0,152.0,0.0
2021-03-08,-22.0,-122.0,0.0,152.0,0.0
2021-03-09,50.0,-117.0,0.0,127.0,0.0
2021-03-10,111.0,-6.0,0.0,127.0,0.0
2021-03-11,133.0,39.0,0.0,76.0,0.0
2021-03-12,156.0,50.0,53.0,0.0,0.0
2021-03-13,122.0,-72.0,0.0,0.0,0.0
2021-03-14,44.0,-72.0,0.0,0.0,0.0
2021-03-15,56.0,-106.0,0.0,0.0,0.0
2021-03-16,-22.0,-106.0,0.0,0.0,0.0
2021-03-17,-17.0,-50.0,0.0,0.0,0.0
2021-03-18,44.0,-22.0,8.0,0.0,0.0
2021-03-19,44.0,-67.0,241.0,0.0,0.0
2021-03-20,6.0,-72.0,0.0,0.0,0.0
2021-03-21,100.0,-67.0,0.0,0.0,0.0
2021-03-22,150.0,-11.0,0.0,0.0,0.0
2021-03-23,150.0,17.0,0.0,0.0,0.0
2021-03-24,150.0,6.0,0.0,0.0,0.0
2021-03-25,106.0,78.0,145.0,0.0,0.0
2021-03-26,172.0,94.0,15.0,0.0,0.0
2021-03-27,178.0,61.0,10.0,0.0,0.0
2021-03-28,150.0,56.0,0.0,0.0,0.0
2021-03-29,117.0,0.0,130.0,0.0,0.0
2021-03-30,67.0,-6.0,0.0,0.0,0.0
2021-03-31,150.0,28.0,0.0,0.0,0.0
2021-04-01,111.0,-28.0,157.0,76.0,69.0
2021-04-02,0.0,-89.0,0.0,51.0,0.0
2021-04-03,-6.0,-89.0,0.0,0.0,0.0
2021-04-04,72.0,-78.0,0.0,0.0,0.0
2021-04-05,133.0,11.0,0.0,0.0,0.0
2021-04-06,144.0,11.0,0.0,0.0,0.0
2021-04-07,167.0,22.0,15.0,0.0,0.0
2021-04-08,200.0,39.0,0.0,0.0,0.0
2021-04-09,189.0,83.0,0.0,0.0,0.0
2021-04-10,122.0,83.0,0.0,0.0,0.0
2021-04-11,172.0,89.0,28.0,0.0,0.0
2021-04-12,139.0,72.0,208.0,0.0,0.0
2021-04-13,78.0,44.0,0.0,0.0,0.0
2021-04-14,156.0,44.0,0.0,0.0,0.0
2021-04-15,161.0,56.0,0.0,0.0,0.0
2021-04-16,83.0,-11.0,30.0,51.0,51.0
2021-04-17,33.0,-6.0,76.0,0.0,51.0
2021-04-18,72.0,11.0,0.0,0.0,0.0
2021-04-19,122.0,22.0,0.0,0.0,0.0
2021-04-20,139.0,39.0,0.0,0.0,0.0
2021-04-21,172.0,6.0,5.0,0.0,0.0
2021-04-22,11.0,-50.0,64.0,51.0,51.0
2021-04-23,22.0,-50.0,0.0,0.0,0.0
2021-04-24,144.0,-28.0,0.0,0.0,0.0
2021-04-25,150.0,50.0,51.0,0.0,0.0
2021-04-26,128.0,-17.0,0.0,0.0,0.0
2021-04-27,111.0,-22.0,3.0,0.0,0.0
2021-04-28,228.0,22.0,0.0,0.0,0.0
2021-04-29,256.0,144.0,152.0,0.0,0.0
2021-04-30,167.0,72.0,290.0,0.0,0.0
2021-05-01,128.0,-6.0,20.0,0.0,5.0
2021-05-02,156.0,0.0,0.0,0.0,0.0
2021-05-03,256.0,106.0,0.0,0.0,0.0
2021-05-04,172.0,117.0,53.0,0.0,0.0
2021-05-05,228.0,117.0,53.0,0.0,0.0
2021-05-06,144.0,39.0,102.0,0.0,0.0
2021-05-07,128.0,11.0,0.0,0.0,0.0
2021-05-08,117.0,11.0,109.0,0.0,0.0
2021-05-09,94.0,6.0,10.0,0.0,0.0
2021-05-10,89.0,6.0,269.0,0.0,0.0
2021-05-11,111.0,22.0,0.0,0.0,0.0
2021-05-12,111.0,6.0,0.0,0.0,0.0
2021-05-13,144.0,6.0,0.0,0.0,0.0
2021-05-14,167.0,17.0,0.0,0.0,0.0
2021-05-15,200.0,33.0,0.0,0.0,0.0
2021-05-16,189.0,67.0,0.0,0.0,0.0
2021-05-17,189.0,56.0,0.0,0.0,0.0
2021-05-18,211.0,56.0,0.0,0.0,0.0
2021-05-19,250.0,100.0,0.0,0.0,0.0
2021-05-20,272.0,106.0,0.0,0.0,0.0
2021-05-21,283.0,128.0,0.0,0.0,0.0
2021-05-22,283.0,128.0,0.0,0.0,0.0
2021-05-23,283.0,128.0,0.0,0.0,0.0
2021-05-24,278.0,89.0,0.0,0.0,0.0
2021-05-25,161.0,83.0,0.0,0.0,0.0
2021-05-26,206.0,94.0,0.0,0.0,0.0
2021-05-27,272.0,128.0,119.0,0.0,0.0
2021-05-28,211.0,67.0,0.0,0.0,0.0
2021-05-29,122.0,33.0,310.0,0.0,0.0
2021-05-30,61.0,33.0,18.0,0.0,0.0
2021-05-31,72.0,44.0,124.0,0.0,0.0
2021-06-01,206.0,61.0,0.0,0.0,0.0
2021-06-02,211.0,89.0,0.0,0.0,0.0
2021-06-03,189.0,128.0,61.0,0.0,0.0
2021-06-04,194.0,139.0,130.0,0.0,0.0
2021-06-05,239.0,144.0,76.0,0.0,0.0
2021-06-06,300.0,150.0,0.0,0.0,0.0
2021-06-07,294.0,172.0,0.0,0.0,0.0
2021-06-08,283.0,172.0,0.0,0.0,0.0
2021-06-09,283.0,178.0,0.0,0.0,0.0
2021-06-10,267.0,167.0,0.0,0.0,0.0
2021-06-11,272.0,156.0,0.0,0.0,0.0
2021-06-12,167.0,122.0,25.0,0.0,0.0
2021-06-13,228.0,139.0,0.0,0.0,0.0
2021-06-14,239.0,161.0,0.0,0.0,0.0
2021-06-15,239.0,100.0,81.0,0.0,0.0
2021-06-16,189.0,83.0,13.0,0.0,0.0
2021-06-17,200.0,50.0,0.0,0.0,0.0
2021-06-18,222.0,50.0,0.0,0.0,0.0
2021-06-19,239.0,50.0,0.0,0.0,0.0
2021-06-20,250.0,128.0,102.0,0.0,0.0
2021-06-21,261.0,150.0,0.0,0.0,0.0
2021-06-22,283.0,144.0,132.0,0.0,0.0
2021-06-23,144.0,61.0,66.0,0.0,0.0
2021-06-24,206.0,61.0,0.0,0.0,0.0
2021-06-25,222.0,106.0,0.0,0.0,0.0
2021-06-26,233.0,122.0,0.0,0.0,0.0
2021-06-27,267.0,172.0,0.0,0.0,0.0
2021-06-28,283.0,194.0,0.0,0.0,0.0
2021-06-29,311.0,206.0,0.0,0.0,0.0
2021-06-30,311.0,189.0,224.0,0.0,0.0
2021-07-01,311.0,167.0,58.0,0.0,0.0
2021-07-02,222.0,150.0,254.0,0.0,0.0
2021-07-03,217.0,122.0,69.0,0.0,0.0
2021-07-04,183.0,111.0,160.0,0.0,0.0
2021-07-05,244.0,128.0,0.0,0.0,0.0
2021-07-06,272.0,172.0,0.0,0.0,0.0
2021-07-07,294.0,183.0,36.0,0.0,0.0
2021-07-08,300.0,167.0,330.0,0.0,0.0
2021-07-09,217.0,167.0,307.0,0.0,0.0
2021-07-10,239.0,150.0,79.0,0.0,0.0
2021-07-11,239.0,144.0,0.0,0.0,0.0
2021-07-12,239.0,172.0,127.0,0.0,0.0
2021-07-13,272.0,189.0,28.0,0.0,0.0
2021-07-14,261.0,167.0,277.0,0.0,0.0
2021-07-15,267.0,167.0,53.0,0.0,0.0
2021-07-16,267.0,167.0,0.0,0.0,0.0
2021-07-17,272.0,178.0,140.0,0.0,0.0
2021-07-18,283.0,183.0,107.0,0.0,0.0
2021-07-19,194.0,128.0,38.0,0.0,0.0
2021-07-20,261.0,128.0,0.0,0.0,0.0
2021-07-21,267.0,156.0,0.0,0.0,0.0
2021-07-22,222.0,106.0,0.0,0.0,0.0
2021-07-23,222.0,106.0,0.0,0.0,0.0
2021-07-24,244.0,117.0,0.0,0.0,0.0
2021-07-25,244.0,117.0,0.0,0.0,0.0
2021-07-26,278.0,161.0,127.0,0.0,0.0
2021-07-27,278.0,156.0,0.0,0.0,0.0
2021-07-28,278.0,156.0,249.0,0.0,0.0
2021-07-29,233.0,139.0,0.0,0.0,0.0
2021-07-30,200.0,144.0,117.0,0.0,0.0
2021-07-31,217.0,78.0,0.0,0.0,0.0
2021-08-01,217.0,83.0,0.0,0.0,0.0
2021-08-02,233.0,117.0,114.0,0.0,0.0
2021-08-03,217.0,94.0,0.0,0.0,0.0
2021-08-04,228.0,94.0,0.0,0.0,0.0
2021-08-05,239.0,111.0,0.0,0.0,0.0
2021-08-06,256.0,117.0,0.0,0.0,0.0
2021-08-07,272.0,144.0,0.0,0.0,0.0
2021-08-08,256.0,167.0,0.0,0.0,0.0
2021-08-09,278.0,167.0,0.0,0.0,0.0
2021-08-10,267.0,172.0,25.0,0.0,0.0
2021-08-11,261.0,194.0,10.0,0.0,0.0
2021-08-12,289.0,194.0,0.0,0.0,0.0
2021-08-13,283.0,172.0,295.0,0.0,0.0
2021-08-14,289.0,172.0,53.0,0.0,0.0
2021-08-15,228.0,111.0,0.0,0.0,0.0
2021-08-16,228.0,117.0,0.0,0.0,0.0
2021-08-17,233.0,150.0,53.0,0.0,0.0
2021-08-18,239.0,189.0,206.0,0.0,0.0
2021-08-19,250.0,200.0,462.0,0.0,0.0
2021-08-20,244.0,183.0,15.0,0.0,0.0
2021-08-21,256.0,172.0,0.0,0.0,0.0
2021-08-22,272.0,178.0,0.0,0.0,0.0
2021-08-23,228.0,189.0,114.0,0.0,0.0
2021-08-24,256.0,183.0,0.0,0.0,0.0
2021-08-25,289.0,172.0,0.0,0.0,0.0
2021-08-26,289.0,183.0,0.0,0.0,0.0
2021-08-27,294.0,189.0,0.0,0.0,0.0
2021-08-28,283.0,189.0,140.0,0.0,0.0
2021-08-29,228.0,172.0,0.0,0.0,0.0
2021-08-30,239.0,167.0,0.0,0.0,0.0
2021-08-31,256.0,156.0,0.0,0.0,0.0
2021-09-01,256.0,144.0,69.0,,
2021-09-02,256.0,100.0,406.0,,
2021-09-03,261.0,94.0,0.0,,
2021-09-04,172.0,94.0,0.0,,
2021-09-05,211.0,100.0,5.0,,
2021-09-06,183.0,117.0,84.0,,
2021-09-07,217.0,94.0,0.0,,
2021-09-08,217.0,94.0,0.0,,
2021-09-10,239.0,106.0,,0.0,0.0
2021-09-11,189.0,89.0,0.0,0.0,0.0
2021-09-12,200.0,94.0,0.0,0.0,0.0
2021-09-13,217.0,156.0,0.0,0.0,0.0
2021-09-14,244.0,156.0,43.0,0.0,0.0
2021-09-15,239.0,161.0,0.0,0.0,0.0
2021-09-16,256.0,139.0,894.0,0.0,0.0
2021-09-17,206.0,139.0,0.0,0.0,0.0
2021-09-18,222.0,167.0,0.0,0.0,0.0
2021-09-19,250.0,106.0,0.0,0.0,0.0
2021-09-20,200.0,100.0,0.0,0.0,0.0
2021-09-21,211.0,100.0,0.0,0.0,0.0
2021-09-22,183.0,122.0,8.0,0.0,0.0
2021-09-23,211.0,167.0,175.0,0.0,0.0
2021-09-24,189.0,72.0,564.0,0.0,0.0
2021-09-25,161.0,72.0,0.0,0.0,0.0
2021-09-26,183.0,83.0,0.0,0.0,0.0
2021-09-27,172.0,72.0,0.0,0.0,0.0
2021-09-28,211.0,106.0,0.0,0.0,0.0
2021-09-29,161.0,50.0,28.0,0.0,0.0
2021-09-30,156.0,50.0,0.0,0.0,0.0
2021-10-01,139.0,28.0,0.0,0.0,0.0
2021-10-02,139.0,28.0,0.0,0.0,0.0
2021-10-03,183.0,72.0,0.0,0.0,0.0
2021-10-04,178.0,111.0,97.0,0.0,0.0
2021-10-05,194.0,139.0,508.0,0.0,0.0
2021-10-06,206.0,139.0,104.0,0.0,0.0
2021-10-07,194.0,144.0,0.0,0.0,0.0
2021-10-08,200.0,133.0,0.0,0.0,0.0
2021-10-09,206.0,133.0,5.0,0.0,0.0
2021-10-10,156.0,128.0,0.0,0.0,0.0
2021-10-11,178.0,100.0,0.0,0.0,0.0
2021-10-12,189.0,106.0,0.0,0.0,0.0
2021-10-13,161.0,133.0,0.0,0.0,0.0
2021-10-14,178.0,106.0,0.0,0.0,0.0
2021-10-15,217.0,111.0,0.0,0.0,0.0
2021-10-16,233.0,156.0,0.0,0.0,0.0
2021-10-17,178.0,61.0,213.0,0.0,0.0
2021-10-18,111.0,39.0,8.0,0.0,0.0
2021-10-19,94.0,17.0,0.0,0.0,0.0
2021-10-20,167.0,17.0,0.0,0.0,0.0
2021-10-21,189.0,17.0,0.0,0.0,0.0
2021-10-22,183.0,89.0,30.0,0.0,0.0
2021-10-23,122.0,39.0,25.0,0.0,0.0
2021-10-24,72.0,17.0,15.0,0.0,0.0
2021-10-25,117.0,22.0,61.0,0.0,0.0
2021-10-26,194.0,111.0,46.0,0.0,0.0
2021-10-27,117.0,50.0,310.0,0.0,0.0
2021-10-28,128.0,22.0,0.0,0.0,0.0
2021-10-29,150.0,17.0,0.0,0.0,0.0
2021-10-30,94.0,50.0,351.0,0.0,0.0
2021-10-31,106.0,56.0,71.0,0.0,0.0
2021-11-01,111.0,50.0,46.0,0.0,0.0
2021-11-02,89.0,33.0,0.0,0.0,0.0
2021-11-03,56.0,-17.0,0.0,0.0,0.0
2021-11-04,44.0,-28.0,0.0,0.0,0.0
2021-11-05,44.0,-39.0,0.0,0.0,0.0
2021-11-06,56.0,-44.0,0.0,0.0,0.0
2021-11-07,72.0,-17.0,0.0,0.0,0.0
2021-11-08,117.0,-17.0,0.0,0.0,0.0
2021-11-09,161.0,33.0,0.0,0.0,0.0
2021-11-10,156.0,56.0,0.0,0.0,0.0
2021-11-11,117.0,11.0,0.0,0.0,0.0
2021-11-12,128.0,44.0,277.0,0.0,0.0
2021-11-13,122.0,50.0,64.0,0.0,0.0
2021-11-14,72.0,0.0,51.0,0.0,0.0
2021-11-15,39.0,-17.0,38.0,25.0,36.0
2021-11-16,28.0,-28.0,15.0,0.0,0.0
2021-11-17,33.0,-39.0,0.0,0.0,0.0
2021-11-18,89.0,0.0,0.0,0.0,0.0
2021-11-19,133.0,-11.0,41.0,0.0,0.0
2021-11-20,17.0,-50.0,0.0,0.0,0.0
2021-11-21,22.0,-50.0,0.0,0.0,0.0
2021-11-22,67.0,-6.0,20.0,0.0,0.0
2021-11-23,22.0,-56.0,0.0,0.0,0.0
2021-11-24,-6.0,-72.0,0.0,0.0,0.0
2021-11-25,39.0,-67.0,0.0,0.0,0.0
2021-11-26,61.0,6.0,5.0,0.0,0.0
2021-11-27,11.0,-50.0,18.0,0.0,13.0
2021-11-28,-22.0,-56.0,20.0,25.0,30.0
2021-11-29,-17.0,-39.0,18.0,51.0,13.0
2021-11-30,-17.0,-44.0,0.0,51.0,0.0
2021-12-01,-11.0,-39.0,28.0,76.0,51.0
2021-12-02,22.0,-39.0,28.0,0.0,0.0
2021-12-03,83.0,-11.0,8.0,0.0,0.0
2021-12-04,11.0,-22.0,0.0,0.0,0.0
2021-12-05,44.0,-28.0,0.0,0.0,0.0
2021-12-06,56.0,-22.0,0.0,0.0,0.0
2021-12-07,89.0,-28.0,33.0,0.0,0.0
2021-12-08,-28.0,-50.0,0.0,0.0,0.0
2021-12-09,-28.0,-122.0,5.0,0.0,5.0
2021-12-10,-17.0,-78.0,0.0,0.0,0.0
2021-12-11,50.0,-17.0,61.0,0.0,0.0
2021-12-12,122.0,-56.0,71.0,0.0,0.0
2021-12-13,33.0,-17.0,0.0,0.0,0.0
2021-12-14,72.0,-11.0,0.0,0.0,0.0
2021-12-15,50.0,-17.0,0.0,0.0,0.0
2021-12-16,72.0,6.0,0.0,0.0,0.0
2021-12-17,128.0,44.0,0.0,0.0,0.0
2021-12-18,61.0,-6.0,0.0,0.0,0.0
2021-12-19,22.0,-39.0,71.0,0.0,0.0
2021-12-20,-33.0,-111.0,0.0,0.0,0.0
2021-12-21,-22.0,-106.0,0.0,0.0,0.0
2021-12-22,22.0,-50.0,0.0,0.0,0.0
2021-12-23,0.0,-67.0,0.0,0.0,0.0
2021-12-24,-28.0,-61.0,8.0,0.0,5.0
2021-12-25,39.0,-33.0,5.0,0.0,0.0
2021-12-26,78.0,11.0,20.0,0.0,0.0
2021-12-27,44.0,-39.0,0.0,0.0,0.0
2021-12-28,-6.0,-39.0,30.0,0.0,0.0
2021-12-29,11.0,-11.0,28.0,0.0,0.0
2021-12-30,39.0,11.0,0.0,0.0,0.0
2021-12-31,61.0,39.0,33.0,0.0,0.0
2022-01-01,72.0,56.0,3.0,0.0,0.0
2022-01-02,89.0,11.0,79.0,0.0,0.0
2022-01-03,11.0,-89.0,0.0,0.0,0.0
2022-01-04,-78.0,-133.0,0.0,0.0,0.0
2022-01-05,-33.0,-122.0,0.0,0.0,0.0
2022-01-06,-6.0,-56.0,0.0,0.0,0.0
2022-01-07,-39.0,-72.0,43.0,51.0,61.0
2022-01-08,-67.0,-156.0,5.0,51.0,3.0
2022-01-09,-50.0,-161.0,5.0,51.0,0.0
2022-01-10,-17.0,-94.0,23.0,25.0,0.0
2022-01-11,-67.0,-161.0,10.0,51.0,10.0
2022-01-12,-100.0,-167.0,0.0,51.0,0.0
2022-01-13,0.0,-100.0,5.0,51.0,0.0
2022-01-14,39.0,-33.0,0.0,51.0,0.0
2022-01-15,-11.0,-194.0,0.0,51.0,0.0
2022-01-16,-139.0,-217.0,0.0,51.0,0.0
2022-01-17,6.0,-200.0,226.0,178.0,152.0
2022-01-18,0.0,-67.0,15.0,178.0,0.0
2022-01-19,-33.0,-83.0,8.0,178.0,10.0
2022-01-20,22.0,-50.0,0.0,178.0,0.0
2022-01-21,-50.0,-178.0,0.0,178.0,0.0
2022-01-22,-111.0,-211.0,0.0,178.0,0.0
2022-01-23,-89.0,-206.0,0.0,178.0,0.0
2022-01-24,-50.0,-133.0,33.0,254.0,114.0
2022-01-25,-44.0,-139.0,8.0,254.0,13.0
2022-01-26,-33.0,-161.0,0.0,254.0,0.0
2022-01-27,-83.0,-167.0,0.0,229.0,0.0
2022-01-28,-61.0,-156.0,0.0,229.0,0.0
2022-01-29,-33.0,-161.0,20.0,229.0,30.0
2022-01-30,-122.0,-189.0,0.0,229.0,0.0
2022-01-31,-89.0,-189.0,0.0,203.0,0.0
2022-02-01,-44.0,-139.0,0.0,229.0,0.0
2022-02-02,-11.0,-94.0,0.0,203.0,0.0
2022-02-03,28.0,-39.0,33.0,152.0,0.0
2022-02-04,28.0,-72.0,460.0,152.0,30.0
2022-02-05,-67.0,-128.0,41.0,178.0,20.0
2022-02-06,-106.0,-167.0,0.0,152.0,0.0
2022-02-07,-67.0,-156.0,0.0,152.0,0.0
2022-02-08,0.0,-72.0,0.0,127.0,0.0
2022-02-09,-28.0,-94.0,0.0,127.0,0.0
2022-02-10,50.0,-72.0,0.0,127.0,0.0
2022-02-11,22.0,-39.0,5.0,127.0,0.0
2022-02-12,78.0,-44.0,0.0,127.0,0.0
2022-02-13,44.0,-72.0,0.0,127.0,0.0
2022-02-14,-67.0,-167.0,0.0,127.0,0.0
2022-02-15,-94.0,-172.0,0.0,127.0,0.0
2022-02-16,-50.0,-161.0,0.0,102.0,0.0
2022-02-17,50.0,-61.0,0.0,102.0,0.0
2022-02-18,111.0,-22.0,472.0,0.0,0.0
2022-02-19,-22.0,-94.0,5.0,0.0,5.0
2022-02-20,-39.0,-139.0,5.0,0.0,10.0
2022-02-21,-11.0,-133.0,0.0,0.0,0.0
2022-02-22,106.0,-17.0,0.0,0.0,0.0
2022-02-23,111.0,50.0,269.0,0.0,0.0
2022-02-24,106.0,-122.0,0.0,0.0,0.0
2022-02-25,-22.0,-94.0,188.0,51.0,51.0
2022-02-26,-6.0,-133.0,41.0,76.0,33.0
2022-02-27,-33.0,-89.0,0.0,76.0,0.0
2022-02-28,28.0,-106.0,0.0,76.0,0.0
2022-03-01,-28.0,-100.0,0.0,76.0,0.0
2022-03-02,33.0,-39.0,33.0,76.0,0.0
2022-03-03,44.0,-39.0,15.0,51.0,0.0
2022-03-04,-33.0,-133.0,0.0,51.0,0.0
2022-03-05,-11.0,-133.0,0.0,25.0,0.0
2022-03-06,56.0,-50.0,0.0,25.0,0.0
2022-03-07,178.0,-6.0,5.0,0.0,0.0
2022-03-08,128.0,-28.0,137.0,0.0,0.0
2022-03-09,22.0,-33.0,0.0,0.0,0.0
2022-03-10,0.0,-67.0,104.0,76.0,81.0
2022-03-11,50.0,-94.0,0.0,51.0,0.0
2022-03-12,83.0,-50.0,43.0,25.0,15.0
2022-03-13,-44.0,-156.0,150.0,178.0,185.0
2022-03-14,-33.0,-128.0,0.0,152.0,0.0
2022-03-15,67.0,-39.0,0.0,51.0,0.0
2022-03-16,128.0,22.0,0.0,0.0,0.0
2022-03-17,156.0,22.0,0.0,0.0,0.0
2022-03-18,128.0,61.0,0.0,0.0,0.0
2022-03-19,183.0,56.0,36.0,0.0,0.0
2022-03-20,183.0,50.0,13.0,0.0,0.0
2022-03-21,61.0,-11.0,0.0,0.0,0.0
2022-03-22,111.0,-11.0,0.0,0.0,0.0
2022-03-23,78.0,-11.0,0.0,0.0,0.0
2022-03-24,61.0,-6.0,28.0,0.0,0.0
2022-03-25,117.0,22.0,51.0,0.0,0.0
2022-03-26,56.0,6.0,0.0,0.0,0.0
2022-03-27,44.0,-28.0,8.0,0.0,0.0
2022-03-28,-17.0,-117.0,0.0,0.0,0.0
2022-03-29,-61.0,-117.0,5.0,0.0,0.0
2022-03-30,-11.0,-106.0,0.0,0.0,0.0
2022-03-31,72.0,-83.0,0.0,0.0,0.0
2022-04-01,150.0,0.0,475.0,0.0,0.0
2022-04-02,44.0,-106.0,8.0,0.0,0.0
2022-04-03,78.0,-33.0,0.0,0.0,0.0
2022-04-04,39.0,-11.0,8.0,0.0,0.0
2022-04-05,67.0,-11.0,0.0,0.0,0.0
2022-04-06,144.0,22.0,84.0,0.0,0.0
2022-04-07,144.0,11.0,36.0,0.0,0.0
2022-04-08,61.0,11.0,262.0,0.0,0.0
2022-04-09,100.0,11.0,53.0,0.0,0.0
2022-04-10,78.0,-11.0,15.0,0.0,0.0
2022-04-11,28.0,-100.0,0.0,0.0,0.0
2022-04-12,117.0,-56.0,13.0,0.0,0.0
2022-04-13,172.0,56.0,28.0,0.0,0.0
2022-04-14,200.0,122.0,5.0,0.0,0.0
2022-04-15,194.0,50.0,13.0,0.0,0.0
2022-04-16,167.0,50.0,0.0,0.0,0.0
2022-04-17,111.0,-44.0,86.0,0.0,0.0
2022-04-18,39.0,-39.0,5.0,0.0,3.0
2022-04-19,39.0,-33.0,325.0,305.0,300.0
2022-04-20,28.0,-17.0,25.0,229.0,38.0
2022-04-21,100.0,-11.0,0.0,127.0,0.0
2022-04-22,111.0,50.0,30.0,0.0,0.0
2022-04-23,139.0,44.0,0.0,0.0,0.0
2022-04-24,139.0,50.0,0.0,0.0,0.0
2022-04-25,239.0,83.0,0.0,0.0,0.0
2022-04-26,183.0,78.0,0.0,0.0,0.0
2022-04-27,117.0,22.0,46.0,0.0,0.0
2022-04-28,39.0,-22.0,0.0,0.0,0.0
2022-04-29,78.0,-22.0,0.0,0.0,0.0
2022-04-30,117.0,-17.0,0.0,0.0,0.0
2022-05-01,150.0,-11.0,0.0,0.0,0.0
2022-05-02,178.0,0.0,46.0,0.0,0.0
2022-05-03,167.0,61.0,0.0,0.0,0.0
2022-05-04,189.0,67.0,71.0,0.0,0.0
2022-05-05,144.0,72.0,15.0,0.0,0.0
2022-05-06,178.0,67.0,13.0,0.0,0.0
2022-05-07,89.0,61.0,274.0,0.0,0.0
2022-05-08,83.0,11.0,81.0,0.0,0.0
2022-05-09,161.0,22.0,0.0,0.0,0.0
2022-05-10,206.0,17.0,0.0,0.0,0.0
2022-05-11,222.0,44.0,0.0,0.0,0.0
2022-05-12,244.0,56.0,0.0,0.0,0.0
2022-05-13,256.0,89.0,0.0,0.0,0.0
2022-05-14,233.0,144.0,0.0,0.0,0.0
2022-05-15,233.0,156.0,33.0,0.0,0.0
2022-05-16,228.0,139.0,56.0,0.0,0.0
2022-05-17,200.0,72.0,99.0,0.0,0.0
2022-05-18,183.0,50.0,0.0,0.0,0.0
2022-05-19,167.0,56.0,36.0,0.0,0.0
2022-05-20,217.0,100.0,0.0,0.0,0.0
2022-05-21,233.0,161.0,30.0,0.0,0.0
2022-05-22,283.0,172.0,20.0,0.0,0.0
2022-05-23,272.0,67.0,76.0,0.0,0.0
2022-05-24,156.0,72.0,0.0,0.0,0.0
2022-05-25,150.0,78.0,0.0,0.0,0.0
2022-05-26,206.0,100.0,0.0,0.0,0.0
2022-05-27,178.0,111.0,10.0,0.0,0.0
2022-05-28,183.0,139.0,91.0,0.0,0.0
2022-05-29,206.0,89.0,30.0,0.0,0.0
2022-05-30,228.0,94.0,0.0,0.0,0.0
2022-05-31,278.0,139.0,0.0,0.0,0.0
2022-06-01,294.0,178.0,0.0,0.0,0.0
2022-06-02,283.0,161.0,180.0,0.0,0.0
2022-06-03,228.0,117.0,33.0,0.0,0.0
2022-06-04,222.0,100.0,0.0,0.0,0.0
2022-06-05,222.0,39.0,0.0,0.0,0.0
2022-06-06,217.0,89.0,0.0,0.0,0.0
2022-06-07,233.0,117.0,0.0,0.0,0.0
2022-06-08,178.0,117.0,188.0,0.0,0.0
2022-06-09,233.0,106.0,221.0,0.0,0.0
2022-06-10,194.0,100.0,10.0,0.0,0.0
2022-06-11,222.0,89.0,0.0,0.0,0.0
2022-06-12,217.0,111.0,0.0,0.0,0.0
2022-06-13,217.0,94.0,112.0,0.0,0.0
2022-06-14,272.0,139.0,0.0,0.0,0.0
2022-06-15,250.0,122.0,0.0,0.0,0.0
2022-06-16,272.0,122.0,0.0,0.0,0.0
2022-06-17,217.0,150.0,8.0,0.0,0.0
2022-06-18,261.0,106.0,0.0,0.0,0.0
2022-06-19,172.0,67.0,5.0,0.0,0.0
2022-06-20,189.0,56.0,0.0,0.0,0.0
2022-06-21,233.0,61.0,0.0,0.0,0.0
2022-06-22,250.0,133.0,8.0,0.0,0.0
2022-06-23,267.0,144.0,112.0,0.0,0.0
2022-06-24,178.0,133.0,0.0,0.0,0.0
2022-06-25,256.0,133.0,0.0,0.0,0.0
2022-06-26,283.0,167.0,0.0,0.0,0.0
2022-06-27,267.0,183.0,79.0,0.0,0.0
2022-06-28,244.0,89.0,0.0,0.0,0.0
2022-06-29,233.0,83.0,0.0,0.0,0.0
2022-06-30,250.0,94.0,0.0,0.0,0.0
2022-07-01,272.0,94.0,0.0,0.0,0.0
2022-07-02,289.0,94.0,99.0,0.0,0.0
2022-07-03,272.0,150.0,5.0,0.0,0.0
2022-07-04,256.0,111.0,0.0,0.0,0.0
2022-07-05,261.0,122.0,0.0,0.0,0.0
2022-07-06,267.0,122.0,0.0,0.0,0.0
2022-07-07,233.0,150.0,0.0,0.0,0.0
2022-07-08,256.0,89.0,0.0,0.0,0.0
2022-07-09,256.0,144.0,0.0,0.0,0.0
2022-07-10,256.0,94.0,0.0,0.0,0.0
2022-07-11,261.0,106.0,0.0,0.0,0.0
2022-07-12,267.0,144.0,0.0,0.0,0.0
2022-07-13,289.0,139.0,0.0,0.0,0.0
2022-07-14,272.0,133.0,0.0,0.0,0.0
2022-07-15,256.0,122.0,0.0,0.0,0.0
2022-07-16,267.0,128.0,0.0,0.0,0.0
2022-07-17,250.0,156.0,0.0,0.0,0.0
2022-07-18,267.0,150.0,48.0,0.0,0.0
2022-07-19,233.0,167.0,132.0,0.0,0.0
2022-07-20,294.0,167.0,0.0,0.0,0.0
2022-07-21,300.0,189.0,0.0,0.0,0.0
2022-07-22,294.0,194.0,0.0,0.0,0.0
2022-07-23,278.0,167.0,8.0,0.0,0.0
2022-07-24,306.0,167.0,0.0,0.0,0.0
2022-07-25,306.0,178.0,229.0,0.0,0.0
2022-07-26,272.0,117.0,41.0,0.0,0.0
2022-07-27,244.0,117.0,0.0,0.0,0.0
2022-07-28,250.0,144.0,0.0,0.0,0.0
2022-07-29,272.0,183.0,0.0,0.0,0.0
2022-07-30,256.0,139.0,0.0,0.0,0.0
2022-07-31,267.0,128.0,0.0,0.0,0.0
2022-08-01,239.0,133.0,0.0,0.0,0.0
2022-08-02,256.0,161.0,0.0,0.0,0.0
2022-08-03,289.0,133.0,0.0,0.0,0.0
2022-08-04,289.0,133.0,0.0,0.0,0.0
2022-08-05,306.0,183.0,165.0,0.0,0.0
2022-08-06,289.0,178.0,25.0,0.0,0.0
2022-08-07,272.0,178.0,10.0,0.0,0.0
2022-08-08,261.0,200.0,13.0,0.0,0.0
2022-08-09,283.0,200.0,10.0,0.0,0.0
2022-08-10,272.0,156.0,0.0,0.0,0.0
2022-08-11,261.0,122.0,0.0,0.0,0.0
2022-08-12,272.0,117.0,0.0,0.0,0.0
2022-08-13,228.0,83.0,0.0,0.0,0.0
2022-08-14,239.0,94.0,0.0,0.0,0.0
2022-08-15,256.0,100.0,0.0,0.0,0.0
2022-08-16,239.0,139.0,0.0,0.0,0.0
2022-08-17,239.0,122.0,0.0,0.0,0.0
2022-08-18,239.0,106.0,30.0,0.0,0.0
2022-08-19,228.0,106.0,5.0,0.0,0.0
2022-08-20,272.0,133.0,0.0,0.0,0.0
2022-08-21,278.0,178.0,0.0,0.0,0.0
2022-08-22,233.0,167.0,124.0,0.0,0.0
2022-08-23,244.0,150.0,18.0,0.0,0.0
2022-08-24,233.0,139.0,15.0,0.0,0.0
2022-08-25,256.0,133.0,0.0,0.0,0.0
2022-08-26,272.0,133.0,0.0,0.0,0.0
2022-08-27,261.0,156.0,5.0,0.0,0.0
2022-08-28,239.0,133.0,0.0,0.0,0.0
2022-08-29,267.0,144.0,0.0,0.0,0.0
2022-08-30,278.0,200.0,0.0,0.0,0.0
2022-08-31,256.0,150.0,46.0,0.0,0.0
2022-09-01,222.0,133.0,0.0,0.0,0.0
2022-09-02,222.0,78.0,0.0,0.0,0.0
2022-09-03,244.0,83.0,0.0,0.0,0.0
2022-09-04,239.0,156.0,0.0,0.0,0.0
2022-09-05,239.0,178.0,279.0,0.0,0.0
2022-09-06,194.0,172.0,828.0,0.0,0.0
2022-09-07,206.0,156.0,20.0,0.0,0.0
2022-09-08,172.0,133.0,104.0,0.0,0.0
2022-09-09,222.0,111.0,0.0,0.0,0.0
2022-09-10,239.0,111.0,0.0,0.0,0.0
2022-09-11,228.0,117.0,0.0,0.0,0.0
2022-09-12,167.0,156.0,58.0,0.0,0.0
2022-09-13,222.0,161.0,137.0,0.0,0.0
2022-09-14,206.0,100.0,5.0,0.0,0.0
2022-09-15,217.0,100.0,0.0,0.0,0.0
2022-09-16,167.0,61.0,0.0,0.0,0.0
2022-09-17,211.0,67.0,0.0,0.0,0.0
2022-09-18,217.0,117.0,0.0,0.0,0.0
2022-09-19,239.0,150.0,0.0,0.0,0.0
2022-09-20,211.0,117.0,89.0,0.0,0.0
2022-09-21,206.0,111.0,0.0,0.0,0.0
2022-09-22,217.0,111.0,102.0,0.0,0.0
2022-09-23,172.0,33.0,173.0,0.0,0.0
2022-09-24,106.0,28.0,0.0,0.0,0.0
2022-09-25,156.0,39.0,0.0,0.0,0.0
2022-09-26,156.0,100.0,76.0,0.0,0.0
2022-09-27,161.0,78.0,10.0,0.0,0.0
2022-09-28,128.0,61.0,0.0,0.0,0.0
2022-09-29,144.0,67.0,51.0,0.0,0.0
2022-09-30,111.0,22.0,0.0,0.0,0.0
2022-10-01,139.0,22.0,13.0,0.0,0.0
2022-10-02,139.0,72.0,142.0,0.0,0.0
2022-10-03,106.0,39.0,0.0,0.0,0.0
2022-10-04,89.0,33.0,15.0,0.0,0.0
2022-10-05,78.0,33.0,361.0,0.0,0.0
2022-10-06,156.0,11.0,10.0,0.0,0.0
2022-10-07,211.0,78.0,8.0,0.0,0.0
2022-10-08,106.0,-22.0,0.0,0.0,0.0
2022-10-09,111.0,-17.0,0.0,0.0,0.0
2022-10-10,144.0,0.0,0.0,0.0,0.0
2022-10-11,144.0,33.0,0.0,0.0,0.0
2022-10-12,172.0,50.0,0.0,0.0,0.0
2022-10-13,167.0,72.0,10.0,0.0,0.0
2022-10-14,133.0,28.0,264.0,0.0,0.0
2022-10-15,128.0,17.0,0.0,0.0,0.0
2022-10-16,167.0,28.0,0.0,0.0,0.0
2022-10-17,128.0,28.0,0.0,0.0,0.0
2022-10-18,106.0,-6.0,0.0,0.0,0.0
2022-10-19,50.0,-11.0,0.0,0.0,0.0
2022-10-20,33.0,-6.0,10.0,0.0,0.0
2022-10-21,78.0,-6.0,0.0,0.0,0.0
2022-10-22,117.0,6.0,0.0,0.0,0.0
2022-10-23,161.0,39.0,0.0,0.0,0.0
2022-10-24,161.0,39.0,74.0,0.0,0.0
2022-10-25,133.0,94.0,5.0,0.0,0.0
2022-10-26,156.0,128.0,8.0,0.0,0.0
2022-10-27,156.0,72.0,10.0,0.0,0.0
2022-10-28,94.0,-11.0,0.0,0.0,0.0
2022-10-29,122.0,-11.0,0.0,0.0,0.0
2022-10-30,139.0,-17.0,0.0,0.0,0.0
2022-10-31,128.0,11.0,0.0,0.0,0.0
2022-11-01,128.0,67.0,8.0,0.0,0.0
2022-11-02,144.0,83.0,64.0,0.0,0.0
2022-11-03,161.0,72.0,0.0,0.0,0.0
2022-11-04,156.0,67.0,0.0,0.0,0.0
2022-11-05,161.0,89.0,0.0,0.0,0.0
2022-11-06,189.0,139.0,0.0,0.0,0.0
2022-11-07,183.0,139.0,8.0,0.0,0.0
2022-11-08,183.0,17.0,0.0,0.0,0.0
2022-11-09,83.0,-33.0,0.0,0.0,0.0
2022-11-10,89.0,-33.0,0.0,0.0,0.0
2022-11-11,139.0,39.0,0.0,0.0,0.0
2022-11-12,178.0,111.0,599.0,0.0,0.0
2022-11-13,133.0,6.0,41.0,0.0,0.0
2022-11-14,39.0,-39.0,23.0,0.0,0.0
2022-11-15,11.0,-61.0,0.0,0.0,0.0
2022-11-16,6.0,-67.0,173.0,25.0,89.0
2022-11-17,17.0,-33.0,0.0,0.0,0.0
2022-11-18,-6.0,-50.0,0.0,0.0,0.0
2022-11-19,-6.0,-83.0,5.0,0.0,3.0
2022-11-20,-33.0,-83.0,0.0,0.0,0.0
2022-11-21,-50.0,-111.0,0.0,0.0,0.0
2022-11-22,6.0,-100.0,0.0,0.0,0.0
2022-11-23,39.0,-39.0,0.0,0.0,0.0
2022-11-24,78.0,-6.0,0.0,0.0,0.0
2022-11-25,72.0,-6.0,15.0,0.0,0.0
2022-11-26,56.0,-6.0,0.0,0.0,0.0
2022-11-27,83.0,-11.0,0.0,0.0,0.0
2022-11-28,83.0,17.0,218.0,0.0,0.0
2022-11-29,22.0,-11.0,0.0,0.0,0.0
2022-11-30,33.0,-11.0,0.0,0.0,0.0
2022-12-01,89.0,-39.0,208.0,0.0,0.0
2022-12-02,-11.0,-78.0,0.0,0.0,0.0
2022-12-03,39.0,-78.0,15.0,0.0,0.0
2022-12-04,67.0,-33.0,56.0,0.0,0.0
2022-12-05,0.0,-50.0,0.0,0.0,0.0
2022-12-06,28.0,-50.0,0.0,0.0,0.0
2022-12-07,67.0,22.0,130.0,0.0,0.0
2022-12-08,89.0,39.0,0.0,0.0,0.0
2022-12-09,39.0,-39.0,0.0,0.0,0.0
2022-12-10,0.0,-78.0,0.0,0.0,0.0
2022-12-11,39.0,-83.0,0.0,0.0,0.0
2022-12-12,-11.0,-33.0,28.0,25.0,38.0
2022-12-13,-33.0,-94.0,0.0,25.0,0.0
2022-12-14,-22.0,-100.0,0.0,25.0,0.0
2022-12-15,-17.0,-78.0,0.0,25.0,0.0
2022-12-16,0.0,-28.0,279.0,127.0,114.0
2022-12-17,11.0,-28.0,79.0,127.0,30.0
2022-12-18,-17.0,-67.0,0.0,127.0,0.0
2022-12-19,-28.0,-67.0,0.0,127.0,0.0
2022-12-20,-44.0,-61.0,0.0,127.0,0.0
2022-12-21,-33.0,-89.0,0.0,127.0,0.0
2022-12-22,11.0,-89.0,0.0,102.0,0.0
2022-12-23,67.0,-39.0,866.0,76.0,102.0
2022-12-24,22.0,-222.0,122.0,102.0,114.0
2022-12-25,-139.0,-217.0,0.0,102.0,0.0
2022-12-26,-106.0,-156.0,0.0,102.0,0.0
2022-12-27,-89.0,-150.0,0.0,102.0,0.0
2022-12-28,-39.0,-100.0,0.0,102.0,0.0
2022-12-29,22.0,-44.0,0.0,102.0,0.0
2022-12-30,72.0,-11.0,0.0,76.0,0.0
2022-12-31,106.0,44.0,10.0,25.0,0.0
2023-01-01,89.0,17.0,23.0,0.0,0.0
2023-01-02,50.0,11.0,0.0,0.0,0.0
2023-01-03,78.0,44.0,0.0,0.0,0.0
2023-01-04,111.0,61.0,117.0,0.0,0.0
2023-01-05,133.0,50.0,0.0,0.0,0.0
2023-01-06,83.0,6.0,0.0,0.0,0.0
2023-01-07,22.0,-17.0,23.0,0.0,0.0
2023-01-08,6.0,-39.0,0.0,0.0,0.0
2023-01-09,11.0,-44.0,0.0,0.0,0.0
2023-01-10,11.0,-50.0,0.0,0.0,0.0
2023-01-11,11.0,-39.0,0.0,0.0,0.0
2023-01-12,11.0,-44.0,0.0,0.0,0.0
2023-01-13,61.0,0.0,241.0,0.0,0.0
2023-01-14,50.0,-78.0,18.0,0.0,0.0
2023-01-15,-78.0,-100.0,13.0,25.0,15.0
2023-01-16,-44.0,-111.0,0.0,25.0,0.0
2023-01-17,22.0,-106.0,0.0,0.0,0.0
2023-01-18,50.0,-17.0,0.0,0.0,0.0
2023-01-19,44.0,0.0,0.0,0.0,0.0
2023-01-20,11.0,-6.0,254.0,0.0,0.0
2023-01-21,11.0,-33.0,8.0,0.0,0.0
2023-01-22,-22.0,-39.0,0.0,0.0,0.0
2023-01-23,-11.0,-33.0,152.0,76.0,76.0
2023-01-24,-17.0,-44.0,23.0,76.0,15.0
2023-01-25,-28.0,-67.0,0.0,76.0,0.0
2023-01-26,33.0,-50.0,127.0,102.0,102.0
2023-01-27,-6.0,-39.0,0.0,76.0,0.0
2023-01-28,-17.0,-50.0,0.0,76.0,0.0
2023-01-29,50.0,-28.0,0.0,51.0,0.0
2023-01-30,33.0,-6.0,0.0,25.0,0.0
2023-01-31,33.0,-44.0,38.0,25.0,15.0
2023-02-01,-44.0,-117.0,8.0,51.0,13.0
2023-02-02,-44.0,-122.0,0.0,51.0,0.0
2023-02-03,-17.0,-128.0,5.0,51.0,5.0
2023-02-04,-128.0,-217.0,0.0,51.0,0.0
2023-02-05,-61.0,,0.0,25.0,0.0
2023-02-06,28.0,-94.0,0.0,25.0,0.0
2023-02-07,11.0,-83.0,0.0,25.0,0.0
2023-02-08,28.0,-78.0,0.0,0.0,0.0
2023-02-09,61.0,-6.0,0.0,0.0,0.0
2023-02-10,117.0,11.0,10.0,0.0,0.0
2023-02-11,67.0,-44.0,5.0,0.0,0.0
2023-02-12,11.0,-44.0,0.0,0.0,0.0
2023-02-13,72.0,-39.0,0.0,0.0,0.0
2023-02-14,72.0,-28.0,0.0,0.0,0.0
2023-02-15,72.0,-28.0,0.0,0.0,0.0
2023-02-16,144.0,44.0,0.0,0.0,0.0
2023-02-17,111.0,78.0,15.0,0.0,0.0
2023-02-18,106.0,-106.0,38.0,0.0,0.0
2023-02-19,11.0,-100.0,0.0,0.0,0.0
2023-02-20,72.0,-56.0,0.0,0.0,0.0
2023-02-21,106.0,-11.0,13.0,0.0,0.0
2023-02-22,44.0,-56.0,71.0,0.0,0.0
2023-02-23,17.0,-56.0,122.0,25.0,51.0
2023-02-24,128.0,-6.0,0.0,0.0,0.0
2023-02-25,-6.0,-106.0,0.0,0.0,0.0
2023-02-26,-39.0,-100.0,20.0,25.0,25.0
2023-02-27,61.0,-67.0,0.0,0.0,0.0
2023-02-28,28.0,-72.0,102.0,76.0,89.0
2023-03-01,28.0,-50.0,0.0,51.0,0.0
2023-03-02,39.0,-50.0,0.0,25.0,0.0
2023-03-03,83.0,-33.0,0.0,0.0,0.0
2023-03-04,33.0,-39.0,213.0,51.0,69.0
2023-03-05,28.0,-22.0,0.0,25.0,0.0
2023-03-06,44.0,-28.0,0.0,25.0,0.0
2023-03-07,28.0,-50.0,114.0,203.0,198.0
2023-03-08,0.0,-56.0,0.0,152.0,0.0
2023-03-09,0.0,-61.0,0.0,102.0,0.0
2023-03-10,22.0,-56.0,0.0,102.0,0.0
2023-03-11,-6.0,-50.0,76.0,152.0,76.0
2023-03-12,-39.0,-89.0,5.0,127.0,5.0
2023-03-13,0.0,-83.0,8.0,127.0,5.0
2023-03-14,6.0,-44.0,33.0,152.0,33.0
2023-03-15,-33.0,-61.0,33.0,127.0,33.0
2023-03-16,11.0,-72.0,0.0,76.0,0.0
2023-03-17,94.0,-33.0,33.0,25.0,0.0
2023-03-18,61.0,-22.0,53.0,0.0,0.0
2023-03-19,28.0,-100.0,0.0,0.0,0.0
2023-03-20,-22.0,-100.0,0.0,0.0,0.0
2023-03-21,61.0,-78.0,0.0,0.0,0.0
2023-03-22,117.0,-56.0,0.0,0.0,0.0
2023-03-23,122.0,39.0,0.0,0.0,0.0
2023-03-24,111.0,-6.0,76.0,0.0,0.0
2023-03-25,67.0,-11.0,33.0,0.0,0.0
2023-03-26,50.0,-50.0,23.0,0.0,0.0
2023-03-27,117.0,-11.0,0.0,0.0,0.0
2023-03-28,122.0,-11.0,48.0,0.0,0.0
2023-03-29,50.0,-33.0,0.0,0.0,0.0
2023-03-30,83.0,-89.0,20.0,25.0,28.0
2023-03-31,28.0,-89.0,0.0,0.0,0.0
2023-04-01,100.0,6.0,127.0,0.0,0.0
2023-04-02,178.0,-44.0,61.0,0.0,3.0
2023-04-03,33.0,-50.0,0.0,0.0,0.0
2023-04-04,139.0,-6.0,0.0,0.0,0.0
2023-04-05,200.0,39.0,0.0,0.0,0.0
2023-04-06,189.0,122.0,5.0,0.0,0.0
2023-04-07,172.0,17.0,0.0,0.0,0.0
2023-04-08,67.0,-44.0,0.0,0.0,0.0
2023-04-09,78.0,-39.0,0.0,0.0,0.0
2023-04-10,106.0,-28.0,0.0,0.0,0.0
2023-04-11,167.0,-17.0,0.0,0.0,0.0
2023-04-12,194.0,50.0,0.0,0.0,0.0
2023-04-13,244.0,122.0,0.0,0.0,0.0
2023-04-14,272.0,133.0,0.0,0.0,0.0
2023-04-15,283.0,72.0,0.0,0.0,0.0
2023-04-16,189.0,100.0,160.0,0.0,0.0
2023-04-17,222.0,78.0,56.0,0.0,0.0
2023-04-18,100.0,0.0,33.0,0.0,0.0
2023-04-19,33.0,-6.0,0.0,0.0,0.0
2023-04-20,150.0,6.0,0.0,0.0,0.0
2023-04-21,217.0,28.0,0.0,0.0,0.0
2023-04-22,261.0,111.0,0.0,0.0,0.0
2023-04-23,194.0,44.0,290.0,0.0,0.0
2023-04-24,100.0,-22.0,0.0,0.0,0.0
2023-04-25,72.0,-28.0,0.0,0.0,0.0
2023-04-26,94.0,-28.0,0.0,0.0,0.0
2023-04-27,106.0,33.0,36.0,0.0,0.0
2023-04-28,133.0,39.0,0.0,0.0,0.0
2023-04-29,89.0,33.0,117.0,0.0,0.0
2023-04-30,94.0,61.0,183.0,0.0,0.0
2023-05-01,106.0,22.0,475.0,0.0,0.0
2023-05-02,67.0,11.0,86.0,0.0,0.0
2023-05-03,67.0,6.0,30.0,0.0,0.0
2023-05-04,72.0,6.0,33.0,0.0,0.0
2023-05-05,100.0,11.0,0.0,0.0,0.0
2023-05-06,128.0,11.0,0.0,0.0,0.0
2023-05-07,172.0,39.0,0.0,0.0,0.0
2023-05-08,189.0,94.0,43.0,0.0,0.0
2023-05-09,189.0,61.0,0.0,0.0,0.0
2023-05-10,161.0,22.0,0.0,0.0,0.0
2023-05-11,194.0,28.0,0.0,0.0,0.0
2023-05-12,228.0,89.0,0.0,0.0,0.0
2023-05-13,256.0,111.0,0.0,0.0,0.0
2023-05-14,217.0,67.0,0.0,0.0,0.0
2023-05-15,156.0,11.0,0.0,0.0,0.0
2023-05-16,200.0,17.0,0.0,0.0,0.0
2023-05-17,211.0,39.0,0.0,0.0,0.0
2023-05-18,94.0,-28.0,0.0,0.0,0.0
2023-05-19,161.0,-22.0,0.0,0.0,0.0
2023-05-20,183.0,72.0,0.0,0.0,0.0
2023-05-21,183.0,61.0,18.0,0.0,0.0
2023-05-22,200.0,78.0,0.0,0.0,0.0
2023-05-23,211.0,89.0,0.0,0.0,0.0
2023-05-24,217.0,100.0,0.0,0.0,0.0
2023-05-25,217.0,17.0,5.0,0.0,0.0
2023-05-26,150.0,17.0,0.0,0.0,0.0
2023-05-27,183.0,22.0,0.0,0.0,0.0
2023-05-28,228.0,72.0,0.0,0.0,0.0
2023-05-29,256.0,100.0,0.0,0.0,0.0
2023-05-30,278.0,83.0,0.0,0.0,0.0
2023-05-31,250.0,83.0,0.0,0.0,0.0
2023-06-01,267.0,83.0,0.0,0.0,0.0
2023-06-02,283.0,111.0,0.0,0.0,0.0
2023-06-03,300.0,144.0,0.0,0.0,0.0
2023-06-04,256.0,83.0,0.0,0.0,0.0
2023-06-05,194.0,56.0,0.0,0.0,0.0
2023-06-06,189.0,56.0,0.0,0.0,0.0
2023-06-07,206.0,56.0,0.0,0.0,0.0
2023-06-08,211.0,33.0,0.0,0.0,0.0
2023-06-09,139.0,44.0,0.0,0.0,0.0
2023-06-10,156.0,67.0,114.0,0.0,0.0
2023-06-11,217.0,89.0,0.0,0.0,0.0
2023-06-12,250.0,128.0,0.0,0.0,0.0
2023-06-13,189.0,94.0,450.0,0.0,0.0
2023-06-14,194.0,89.0,5.0,0.0,0.0
2023-06-15,139.0,100.0,51.0,0.0,0.0
2023-06-16,206.0,100.0,0.0,0.0,0.0
2023-06-17,156.0,117.0,38.0,0.0,0.0
2023-06-18,211.0,94.0,0.0,0.0,0.0
2023-06-19,217.0,117.0,0.0,0.0,0.0
2023-06-20,244.0,122.0,0.0,0.0,0.0
2023-06-21,233.0,117.0,5.0,0.0,0.0
2023-06-22,222.0,117.0,0.0,0.0,0.0
2023-06-23,206.0,128.0,0.0,0.0,0.0
2023-06-24,183.0,156.0,201.0,0.0,0.0
2023-06-25,244.0,156.0,38.0,0.0,0.0
2023-06-26,244.0,167.0,257.0,0.0,0.0
2023-06-27,250.0,150.0,561.0,0.0,0.0
2023-06-28,222.0,150.0,23.0,0.0,0.0
2023-06-29,183.0,106.0,0.0,0.0,0.0
2023-06-30,239.0,117.0,0.0,0.0,0.0
2023-07-01,244.0,139.0,0.0,0.0,0.0
2023-07-02,211.0,172.0,231.0,0.0,0.0
2023-07-03,222.0,167.0,33.0,0.0,0.0
2023-07-04,256.0,172.0,15.0,0.0,0.0
2023-07-05,267.0,156.0,0.0,0.0,0.0
2023-07-06,283.0,167.0,0.0,0.0,0.0
2023-07-07,289.0,172.0,38.0,0.0,0.0
2023-07-08,267.0,161.0,15.0,0.0,0.0
2023-07-09,256.0,167.0,145.0,0.0,0.0
2023-07-10,189.0,150.0,191.0,0.0,0.0
2023-07-11,244.0,128.0,0.0,0.0,0.0
2023-07-12,256.0,133.0,0.0,0.0,0.0
2023-07-13,250.0,172.0,18.0,0.0,0.0
2023-07-14,278.0,144.0,109.0,0.0,0.0
2023-07-15,272.0,150.0,8.0,0.0,0.0
2023-07-16,206.0,172.0,353.0,0.0,0.0
2023-07-17,261.0,161.0,0.0,0.0,0.0
2023-07-18,233.0,161.0,206.0,0.0,0.0
2023-07-19,228.0,139.0,0.0,0.0,0.0
2023-07-20,261.0,133.0,0.0,0.0,0.0
2023-07-21,261.0,133.0,165.0,0.0,0.0
2023-07-22,233.0,128.0,0.0,0.0,0.0
2023-07-23,239.0,133.0,0.0,0.0,0.0
2023-07-24,261.0,133.0,0.0,0.0,0.0
2023-07-25,189.0,133.0,114.0,0.0,0.0
2023-07-26,222.0,144.0,25.0,0.0,0.0
2023-07-27,256.0,167.0,15.0,0.0,0.0
2023-07-28,278.0,167.0,165.0,0.0,0.0
2023-07-29,283.0,167.0,0.0,0.0,0.0
2023-07-30,250.0,111.0,282.0,0.0,0.0
2023-07-31,217.0,111.0,0.0,0.0,0.0
2023-08-01,222.0,106.0,33.0,0.0,0.0
2023-08-02,206.0,78.0,0.0,0.0,0.0
2023-08-03,222.0,78.0,0.0,0.0,0.0
2023-08-04,222.0,150.0,0.0,0.0,0.0
2023-08-05,217.0,133.0,15.0,0.0,0.0
2023-08-06,228.0,128.0,0.0,0.0,0.0
2023-08-07,256.0,133.0,279.0,0.0,0.0
2023-08-08,244.0,161.0,185.0,0.0,0.0
2023-08-09,211.0,128.0,5.0,0.0,0.0
2023-08-10,239.0,128.0,107.0,0.0,0.0
2023-08-11,183.0,133.0,74.0,0.0,0.0
2023-08-12,244.0,139.0,0.0,0.0,0.0
2023-08-13,244.0,150.0,33.0,0.0,0.0
2023-08-14,244.0,156.0,0.0,0.0,0.0
2023-08-15,250.0,161.0,406.0,0.0,0.0
2023-08-16,239.0,150.0,53.0,0.0,0.0
2023-08-17,233.0,150.0,0.0,0.0,0.0
2023-08-18,244.0,144.0,622.0,0.0,0.0
2023-08-19,200.0,106.0,5.0,0.0,0.0
2023-08-20,222.0,106.0,0.0,0.0,0.0
2023-08-21,239.0,139.0,0.0,0.0,0.0
2023-08-22,261.0,117.0,0.0,0.0,0.0
2023-08-23,211.0,117.0,0.0,0.0,0.0
2023-08-24,200.0,122.0,0.0,0.0,0.0
2023-08-25,178.0,144.0,99.0,0.0,0.0
2023-08-26,239.0,172.0,5.0,0.0,0.0
2023-08-27,233.0,144.0,0.0,0.0,0.0
2023-08-28,256.0,122.0,0.0,0.0,0.0
2023-08-29,222.0,139.0,13.0,0.0,0.0
2023-08-30,217.0,144.0,315.0,0.0,0.0
2023-08-31,211.0,100.0,0.0,0.0,0.0
2023-09-01,189.0,72.0,0.0,0.0,0.0
2023-09-02,189.0,72.0,0.0,0.0,0.0
2023-09-03,222.0,156.0,8.0,0.0,0.0
2023-09-04,267.0,189.0,0.0,0.0,0.0
2023-09-05,294.0,167.0,0.0,0.0,0.0
2023-09-06,283.0,167.0,0.0,0.0,0.0
2023-09-07,283.0,178.0,0.0,0.0,0.0
2023-09-08,278.0,161.0,114.0,0.0,0.0
2023-09-09,250.0,161.0,102.0,0.0,0.0
2023-09-10,244.0,150.0,376.0,0.0,0.0
2023-09-11,217.0,156.0,262.0,0.0,0.0
2023-09-12,200.0,117.0,0.0,0.0,0.0
2023-09-13,222.0,122.0,25.0,0.0,0.0
2023-09-14,211.0,78.0,0.0,0.0,0.0
2023-09-15,172.0,61.0,0.0,0.0,0.0
2023-09-16,178.0,67.0,0.0,0.0,0.0
2023-09-17,194.0,72.0,0.0,0.0,0.0
2023-09-18,156.0,111.0,211.0,0.0,0.0
2023-09-19,183.0,89.0,15.0,0.0,0.0
2023-09-20,167.0,72.0,0.0,0.0,0.0
2023-09-21,189.0,50.0,0.0,0.0,0.0
2023-09-22,172.0,50.0,0.0,0.0,0.0
2023-09-23,183.0,67.0,0.0,0.0,0.0
2023-09-24,106.0,83.0,117.0,0.0,0.0
2023-09-25,133.0,106.0,170.0,0.0,0.0
2023-09-26,139.0,89.0,18.0,0.0,0.0
2023-09-27,122.0,56.0,18.0,0.0,0.0
2023-09-28,161.0,44.0,0.0,0.0,0.0
2023-09-29,167.0,44.0,8.0,0.0,0.0
2023-09-30,200.0,106.0,0.0,0.0,0.0
2023-10-01,189.0,100.0,0.0,0.0,0.0
2023-10-02,217.0,111.0,0.0,0.0,0.0
2023-10-03,228.0,111.0,0.0,0.0,0.0
2023-10-04,256.0,122.0,0.0,0.0,0.0
2023-10-05,261.0,128.0,0.0,0.0,0.0
2023-10-06,217.0,133.0,0.0,0.0,0.0
2023-10-07,200.0,133.0,452.0,0.0,0.0
2023-10-08,133.0,44.0,122.0,0.0,0.0
2023-10-09,100.0,22.0,0.0,0.0,0.0
2023-10-10,89.0,22.0,0.0,0.0,0.0
2023-10-11,117.0,44.0,0.0,0.0,0.0
2023-10-12,144.0,44.0,0.0,0.0,0.0
2023-10-13,150.0,28.0,0.0,0.0,0.0
2023-10-14,111.0,22.0,13.0,0.0,0.0
2023-10-15,56.0,44.0,198.0,0.0,0.0
2023-10-16,83.0,39.0,20.0,0.0,0.0
2023-10-17,89.0,44.0,46.0,0.0,0.0
2023-10-18,106.0,61.0,0.0,0.0,0.0
2023-10-19,122.0,28.0,0.0,0.0,0.0
2023-10-20,128.0,28.0,0.0,0.0,0.0
2023-10-21,139.0,83.0,132.0,0.0,0.0
2023-10-22,106.0,50.0,0.0,0.0,0.0
2023-10-23,72.0,22.0,0.0,0.0,0.0
2023-10-24,111.0,11.0,0.0,0.0,0.0
2023-10-25,150.0,61.0,0.0,0.0,0.0
2023-10-26,183.0,89.0,0.0,0.0,0.0
2023-10-27,217.0,144.0,0.0,0.0,0.0
2023-10-28,222.0,144.0,0.0,0.0,0.0
2023-10-29,200.0,44.0,43.0,0.0,0.0
2023-10-30,89.0,44.0,267.0,0.0,0.0
2023-10-31,94.0,-22.0,86.0,0.0,0.0
2023-11-01,28.0,-28.0,0.0,0.0,0.0
2023-11-02,28.0,-44.0,0.0,0.0,0.0
2023-11-03,39.0,-39.0,0.0,0.0,0.0
2023-11-04,100.0,-11.0,0.0,0.0,0.0
2023-11-05,94.0,44.0,0.0,0.0,0.0
2023-11-06,94.0,-17.0,0.0,0.0,0.0
2023-11-07,94.0,-17.0,0.0,0.0,0.0
2023-11-08,156.0,-6.0,0.0,0.0,0.0
2023-11-09,50.0,-22.0,0.0,0.0,0.0
2023-11-10,144.0,33.0,0.0,0.0,0.0
2023-11-11,72.0,0.0,0.0,0.0,0.0
2023-11-12,56.0,-44.0,0.0,0.0,0.0
2023-11-13,-6.0,-56.0,0.0,0.0,0.0
2023-11-14,44.0,-56.0,0.0,0.0,0.0
2023-11-15,61.0,-28.0,0.0,0.0,0.0
2023-11-16,83.0,-28.0,0.0,0.0,0.0
2023-11-17,133.0,28.0,0.0,0.0,0.0
2023-11-18,128.0,0.0,112.0,0.0,0.0
2023-11-19,33.0,-11.0,0.0,0.0,0.0
2023-11-20,67.0,-44.0,0.0,0.0,0.0
2023-11-21,11.0,-50.0,0.0,0.0,0.0
2023-11-22,61.0,-22.0,264.0,0.0,0.0
2023-11-23,67.0,0.0,8.0,0.0,0.0
2023-11-24,56.0,6.0,0.0,0.0,0.0
2023-11-25,17.0,-78.0,0.0,0.0,0.0
2023-11-26,11.0,-83.0,0.0,0.0,0.0
2023-11-27,39.0,-22.0,36.0,0.0,0.0
2023-11-28,11.0,-67.0,0.0,0.0,0.0
2023-11-29,-44.0,-106.0,0.0,0.0,0.0
2023-11-30,-39.0,-106.0,0.0,0.0,0.0
2023-12-01,44.0,-44.0,0.0,0.0,0.0
2023-12-02,50.0,17.0,18.0,0.0,0.0
2023-12-03,94.0,28.0,43.0,0.0,0.0
2023-12-04,67.0,33.0,157.0,0.0,0.0
2023-12-05,33.0,-11.0,0.0,0.0,0.0
2023-12-06,0.0,-28.0,13.0,25.0,15.0
2023-12-07,-17.0,-56.0,8.0,25.0,8.0
2023-12-08,6.0,-50.0,13.0,25.0,18.0
2023-12-09,61.0,-22.0,0.0,0.0,0.0
2023-12-10,100.0,28.0,15.0,0.0,0.0
2023-12-11,89.0,-17.0,401.0,76.0,84.0
2023-12-12,-11.0,-50.0,0.0,76.0,0.0
2023-12-13,6.0,-56.0,0.0,51.0,0.0
2023-12-14,11.0,-83.0,0.0,51.0,0.0
2023-12-15,-6.0,-83.0,0.0,51.0,0.0
2023-12-16,94.0,-33.0,0.0,25.0,0.0
2023-12-17,83.0,0.0,0.0,0.0,0.0
2023-12-18,83.0,44.0,635.0,0.0,0.0
2023-12-19,67.0,-33.0,56.0,25.0,15.0
2023-12-20,-33.0,-89.0,0.0,0.0,0.0
2023-12-21,6.0,-83.0,0.0,0.0,0.0
2023-12-22,-11.0,-83.0,0.0,0.0,0.0
2023-12-23,-6.0,-78.0,0.0,0.0,0.0
2023-12-24,17.0,-11.0,5.0,0.0,0.0
2023-12-25,39.0,11.0,0.0,0.0,0.0
2023-12-26,83.0,17.0,0.0,0.0,0.0
2023-12-27,61.0,33.0,76.0,0.0,0.0
2023-12-28,78.0,50.0,81.0,0.0,0.0
2023-12-29,72.0,28.0,36.0,0.0,0.0
2023-12-30,33.0,-22.0,10.0,0.0,5.0
2023-12-31,17.0,-22.0,0.0,0.0,0.0
2024-01-01,-6.0,-22.0,5.0,0.0,5.0
2024-01-02,-11.0,-50.0,0.0,0.0,0.0
2024-01-03,0.0,-56.0,0.0,0.0,0.0
2024-01-04,-22.0,-33.0,0.0,0.0,0.0
2024-01-05,-11.0,-94.0,0.0,0.0,0.0
2024-01-06,-17.0,-94.0,0.0,0.0,0.0
2024-01-07,-6.0,-67.0,170.0,127.0,114.0
2024-01-08,-17.0,-33.0,18.0,127.0,13.0
2024-01-09,0.0,-50.0,0.0,102.0,0.0
2024-01-10,83.0,-28.0,615.0,51.0,102.0
2024-01-11,33.0,-22.0,0.0,25.0,0.0
2024-01-12,17.0,-22.0,0.0,25.0,0.0
2024-01-13,56.0,-11.0,259.0,0.0,0.0
2024-01-14,39.0,-61.0,23.0,0.0,0.0
2024-01-15,-39.0,-150.0,0.0,0.0,0.0
2024-01-16,-89.0,-150.0,23.0,51.0,43.0
2024-01-17,-83.0,-183.0,53.0,127.0,89.0
2024-01-18,-106.0,-183.0,0.0,102.0,0.0
2024-01-19,-72.0,-117.0,10.0,76.0,5.0
2024-01-20,-67.0,-144.0,36.0,102.0,46.0
2024-01-21,-106.0,-150.0,10.0,102.0,13.0
2024-01-22,-61.0,-133.0,0.0,102.0,0.0
2024-01-23,-17.0,-133.0,0.0,76.0,0.0
2024-01-24,-6.0,-22.0,94.0,76.0,3.0
2024-01-25,67.0,-6.0,86.0,0.0,0.0
2024-01-26,100.0,50.0,119.0,0.0,0.0
2024-01-27,106.0,6.0,20.0,0.0,0.0
2024-01-28,39.0,6.0,112.0,0.0,0.0
2024-01-29,6.0,-39.0,183.0,102.0,114.0
2024-01-30,-17.0,-50.0,20.0,102.0,0.0
2024-01-31,-28.0,-50.0,0.0,76.0,0.0
2024-02-01,-6.0,-33.0,0.0,76.0,0.0
2024-02-02,22.0,-17.0,0.0,25.0,0.0
2024-02-03,11.0,-44.0,0.0,25.0,0.0
2024-02-04,6.0,-61.0,0.0,0.0,0.0
2024-02-05,44.0,-61.0,0.0,0.0,0.0
2024-02-06,11.0,-83.0,0.0,0.0,0.0
2024-02-07,11.0,-89.0,0.0,0.0,0.0
2024-02-08,56.0,-67.0,0.0,0.0,0.0
2024-02-09,72.0,-6.0,0.0,0.0,0.0
2024-02-10,94.0,22.0,0.0,0.0,0.0
2024-02-11,106.0,-11.0,38.0,0.0,0.0
2024-02-12,33.0,-56.0,0.0,0.0,0.0
2024-02-13,33.0,-56.0,5.0,0.0,5.0
2024-02-14,11.0,-83.0,10.0,0.0,8.0
2024-02-15,-28.0,-100.0,0.0,0.0,0.0
2024-02-16,-11.0,-106.0,20.0,25.0,25.0
2024-02-17,-11.0,-72.0,51.0,102.0,102.0
2024-02-18,-50.0,-117.0,5.0,102.0,5.0
2024-02-19,-22.0,-111.0,0.0,102.0,0.0
2024-02-20,-17.0,-128.0,0.0,76.0,0.0
2024-02-21,6.0,-128.0,0.0,51.0,0.0
2024-02-22,22.0,-61.0,0.0,51.0,0.0
2024-02-23,22.0,-33.0,79.0,25.0,38.0
2024-02-24,78.0,-39.0,0.0,0.0,0.0
2024-02-25,-39.0,-128.0,0.0,0.0,0.0
2024-02-26,6.0,-67.0,0.0,0.0,0.0
2024-02-27,106.0,-11.0,0.0,0.0,0.0
2024-02-28,128.0,56.0,155.0,0.0,0.0
2024-02-29,117.0,-72.0,274.0,0.0,0.0
2024-03-01,-22.0,-78.0,0.0,0.0,0.0
2024-03-02,56.0,-72.0,25.0,0.0,5.0
2024-03-03,61.0,6.0,127.0,0.0,0.0
2024-03-04,94.0,44.0,0.0,0.0,0.0
2024-03-05,150.0,50.0,0.0,0.0,0.0
2024-03-06,94.0,50.0,61.0,0.0,0.0
2024-03-07,94.0,11.0,145.0,0.0,0.0
2024-03-08,39.0,-28.0,0.0,0.0,0.0
2024-03-09,106.0,-22.0,0.0,0.0,0.0
2024-03-10,28.0,-6.0,295.0,0.0,0.0
2024-03-11,0.0,-33.0,15.0,0.0,3.0
2024-03-12,50.0,-33.0,0.0,0.0,0.0
2024-03-13,150.0,11.0,0.0,0.0,0.0
2024-03-14,178.0,67.0,0.0,0.0,0.0
2024-03-15,183.0,56.0,0.0,0.0,0.0
2024-03-16,111.0,-11.0,0.0,0.0,0.0
2024-03-17,111.0,-11.0,38.0,0.0,0.0
2024-03-18,72.0,-33.0,5.0,0.0,5.0
2024-03-19,-6.0,-50.0,0.0,0.0,0.0
2024-03-20,6.0,-50.0,8.0,0.0,5.0
2024-03-21,17.0,-83.0,36.0,0.0,20.0
2024-03-22,-11.0,-94.0,0.0,0.0,0.0
2024-03-23,33.0,-100.0,99.0,0.0,0.0
2024-03-24,17.0,-78.0,91.0,0.0,0.0
2024-03-25,11.0,-56.0,0.0,0.0,0.0
2024-03-26,100.0,-39.0,0.0,0.0,0.0
2024-03-27,128.0,11.0,0.0,0.0,0.0
2024-03-28,61.0,28.0,13.0,0.0,0.0
2024-03-29,50.0,-22.0,0.0,0.0,0.0
2024-03-30,50.0,-33.0,0.0,0.0,0.0
2024-03-31,100.0,0.0,48.0,0.0,0.0
2024-04-01,83.0,22.0,0.0,0.0,0.0
2024-04-02,72.0,44.0,81.0,0.0,0.0
2024-04-03,56.0,28.0,300.0,0.0,0.0
2024-04-04,39.0,-11.0,236.0,0.0,5.0
2024-04-05,39.0,-22.0,36.0,0.0,5.0
2024-04-06,28.0,-22.0,13.0,0.0,10.0
2024-04-07,67.0,-6.0,0.0,0.0,0.0
2024-04-08,111.0,0.0,0.0,0.0,0.0
2024-04-09,128.0,0.0,0.0,0.0,0.0
2024-04-10,206.0,67.0,0.0,0.0,0.0
2024-04-11,144.0,106.0,53.0,0.0,0.0
2024-04-12,144.0,106.0,300.0,0.0,0.0
2024-04-13,122.0,6.0,170.0,0.0,0.0
2024-04-14,72.0,6.0,0.0,0.0,0.0
2024-04-15,217.0,72.0,33.0,0.0,0.0
2024-04-16,194.0,33.0,0.0,0.0,0.0
2024-04-17,183.0,50.0,0.0,0.0,0.0
2024-04-18,100.0,89.0,94.0,0.0,0.0
2024-04-19,128.0,50.0,5.0,0.0,0.0
2024-04-20,83.0,44.0,0.0,0.0,0.0
2024-04-21,122.0,-22.0,0.0,0.0,0.0
2024-04-22,50.0,-28.0,0.0,0.0,0.0
2024-04-23,122.0,-17.0,0.0,0.0,0.0
2024-04-24,167.0,39.0,0.0,0.0,0.0
2024-04-25,122.0,-28.0,8.0,0.0,0.0
2024-04-26,111.0,-28.0,0.0,0.0,0.0
2024-04-27,144.0,-11.0,0.0,0.0,0.0
2024-04-28,94.0,50.0,13.0,0.0,0.0
2024-04-29,239.0,67.0,58.0,0.0,0.0
2024-04-30,267.0,128.0,0.0,0.0,0.0
2024-05-01,272.0,100.0,43.0,0.0,0.0
2024-05-02,261.0,94.0,0.0,0.0,0.0
2024-05-03,294.0,78.0,0.0,0.0,0.0
2024-05-04,239.0,72.0,0.0,0.0,0.0
2024-05-05,150.0,61.0,152.0,0.0,0.0
2024-05-06,128.0,67.0,51.0,0.0,0.0
2024-05-07,222.0,78.0,5.0,0.0,0.0
2024-05-08,256.0,83.0,23.0,0.0,0.0
2024-05-09,278.0,83.0,0.0,0.0,0.0
2024-05-10,161.0,72.0,135.0,0.0,0.0
2024-05-11,111.0,50.0,112.0,0.0,0.0
2024-05-12,144.0,44.0,132.0,0.0,0.0
2024-05-13,150.0,44.0,69.0,0.0,0.0
2024-05-14,217.0,72.0,0.0,0.0,0.0
2024-05-15,211.0,100.0,216.0,0.0,0.0
2024-05-16,183.0,100.0,0.0,0.0,0.0
2024-05-17,233.0,111.0,0.0,0.0,0.0
2024-05-18,200.0,111.0,28.0,0.0,0.0
2024-05-19,178.0,122.0,20.0,0.0,0.0
2024-05-20,256.0,122.0,0.0,0.0,0.0
2024-05-21,267.0,122.0,0.0,0.0,0.0
2024-05-22,278.0,144.0,0.0,0.0,0.0
2024-05-23,272.0,144.0,56.0,0.0,0.0
2024-05-24,267.0,106.0,71.0,0.0,0.0
2024-05-25,278.0,106.0,0.0,0.0,0.0
2024-05-26,283.0,106.0,41.0,0.0,0.0
2024-05-27,256.0,150.0,48.0,0.0,0.0
2024-05-28,233.0,117.0,41.0,0.0,0.0
2024-05-29,239.0,89.0,18.0,0.0,0.0
2024-05-30,206.0,56.0,61.0,0.0,0.0
2024-05-31,189.0,39.0,0.0,0.0,0.0
2024-06-01,200.0,44.0,0.0,0.0,0.0
2024-06-02,239.0,117.0,0.0,0.0,0.0
2024-06-03,222.0,133.0,0.0,0.0,0.0
2024-06-04,228.0,139.0,0.0,0.0,0.0
2024-06-05,256.0,139.0,0.0,0.0,0.0
2024-06-06,233.0,167.0,102.0,0.0,0.0
2024-06-07,244.0,144.0,147.0,0.0,0.0
2024-06-08,200.0,100.0,23.0,0.0,0.0
2024-06-09,206.0,100.0,28.0,0.0,0.0
2024-06-10,189.0,89.0,20.0,0.0,0.0
2024-06-11,167.0,94.0,0.0,0.0,0.0
2024-06-12,144.0,78.0,0.0,0.0,0.0
2024-06-13,217.0,83.0,0.0,0.0,0.0
2024-06-14,261.0,144.0,0.0,0.0,0.0
2024-06-15,222.0,100.0,112.0,0.0,0.0
2024-06-16,217.0,78.0,0.0,0.0,0.0
2024-06-17,233.0,144.0,0.0,0.0,0.0
2024-06-18,278.0,183.0,15.0,0.0,0.0
2024-06-19,306.0,189.0,0.0,0.0,0.0
2024-06-20,289.0,183.0,0.0,0.0,0.0
2024-06-21,294.0,183.0,0.0,0.0,0.0
2024-06-22,306.0,183.0,48.0,0.0,0.0
2024-06-23,294.0,183.0,28.0,0.0,0.0
2024-06-24,267.0,156.0,30.0,0.0,0.0
2024-06-25,222.0,122.0,0.0,0.0,0.0
2024-06-26,250.0,117.0,0.0,0.0,0.0
2024-06-27,261.0,139.0,272.0,0.0,0.0
2024-06-28,211.0,89.0,0.0,0.0,0.0
2024-06-29,222.0,89.0,5.0,0.0,0.0
2024-06-30,217.0,150.0,246.0,0.0,0.0
2024-07-01,272.0,106.0,13.0,0.0,0.0
2024-07-02,194.0,94.0,0.0,0.0,0.0
2024-07-03,239.0,94.0,0.0,0.0,0.0
2024-07-04,256.0,161.0,0.0,0.0,0.0
2024-07-05,283.0,183.0,150.0,0.0,0.0
2024-07-06,278.0,189.0,15.0,0.0,0.0
2024-07-07,283.0,167.0,0.0,0.0,0.0
2024-07-08,272.0,161.0,0.0,0.0,0.0
2024-07-09,283.0,172.0,13.0,0.0,0.0
2024-07-10,289.0,200.0,0.0,0.0,0.0
2024-07-11,289.0,167.0,274.0,0.0,0.0
2024-07-12,217.0,167.0,23.0,0.0,0.0
2024-07-13,267.0,172.0,0.0,0.0,0.0
2024-07-14,283.0,161.0,10.0,0.0,0.0
2024-07-15,278.0,161.0,0.0,0.0,0.0
2024-07-16,289.0,178.0,69.0,0.0,0.0
2024-07-17,306.0,178.0,0.0,0.0,0.0
2024-07-18,261.0,167.0,150.0,0.0,0.0
2024-07-19,233.0,111.0,0.0,0.0,0.0
2024-07-20,233.0,111.0,0.0,0.0,0.0
2024-07-21,244.0,150.0,0.0,0.0,0.0
2024-07-22,256.0,150.0,0.0,0.0,0.0
2024-07-23,239.0,150.0,170.0,0.0,0.0
2024-07-24,233.0,172.0,0.0,0.0,0.0
2024-07-25,239.0,167.0,69.0,0.0,0.0
2024-07-26,244.0,117.0,0.0,0.0,0.0
2024-07-27,233.0,106.0,0.0,0.0,0.0
2024-07-28,222.0,106.0,0.0,0.0,0.0
2024-07-29,261.0,144.0,0.0,0.0,0.0
2024-07-30,278.0,156.0,0.0,0.0,0.0
2024-07-31,250.0,183.0,147.0,0.0,0.0
2024-08-01,278.0,178.0,8.0,0.0,0.0
2024-08-02,289.0,172.0,84.0,0.0,0.0
2024-08-03,267.0,189.0,229.0,0.0,0.0
2024-08-04,250.0,172.0,124.0,0.0,0.0
2024-08-05,261.0,161.0,0.0,0.0,0.0
2024-08-06,261.0,161.0,353.0,0.0,0.0
2024-08-07,250.0,156.0,142.0,0.0,0.0
2024-08-08,189.0,150.0,53.0,0.0,0.0
2024-08-09,206.0,156.0,127.0,0.0,0.0
2024-08-10,228.0,144.0,546.0,0.0,0.0
2024-08-11,228.0,117.0,0.0,0.0,0.0
2024-08-12,217.0,122.0,5.0,0.0,0.0
2024-08-13,211.0,111.0,0.0,0.0,0.0
2024-08-14,217.0,111.0,0.0,0.0,0.0
2024-08-15,239.0,117.0,0.0,0.0,0.0
2024-08-16,250.0,122.0,0.0,0.0,0.0
2024-08-17,256.0,133.0,104.0,0.0,0.0
2024-08-18,183.0,167.0,33.0,0.0,0.0
2024-08-19,239.0,167.0,10.0,0.0,0.0
2024-08-20,200.0,89.0,15.0,0.0,0.0
2024-08-21,156.0,72.0,0.0,0.0,0.0
2024-08-22,167.0,72.0,8.0,0.0,0.0
2024-08-23,194.0,72.0,0.0,0.0,0.0
2024-08-24,217.0,89.0,0.0,0.0,0.0
2024-08-25,233.0,117.0,0.0,0.0,0.0
2024-08-26,261.0,128.0,0.0,0.0,0.0
2024-08-27,256.0,128.0,0.0,0.0,0.0
2024-08-28,261.0,133.0,0.0,0.0,0.0
2024-08-29,289.0,178.0,13.0,0.0,0.0
2024-08-30,256.0,144.0,686.0,0.0,0.0
2024-08-31,172.0,144.0,0.0,0.0,0.0
2024-09-01,206.0,167.0,8.0,0.0,0.0
2024-09-02,250.0,111.0,0.0,0.0,0.0
2024-09-03,178.0,56.0,0.0,0.0,0.0
2024-09-04,183.0,56.0,0.0,0.0,0.0
2024-09-05,200.0,72.0,0.0,0.0,0.0
2024-09-06,211.0,100.0,0.0,0.0,0.0
2024-09-07,217.0,122.0,0.0,0.0,0.0
2024-09-08,172.0,50.0,91.0,0.0,0.0
2024-09-09,161.0,72.0,0.0,0.0,0.0
2024-09-10,172.0,61.0,8.0,0.0,0.0
2024-09-11,200.0,83.0,0.0,0.0,0.0
2024-09-12,222.0,83.0,0.0,0.0,0.0
2024-09-13,228.0,117.0,0.0,0.0,0.0
2024-09-14,233.0,106.0,0.0,0.0,0.0
2024-09-15,244.0,122.0,0.0,0.0,0.0
2024-09-16,239.0,122.0,0.0,0.0,0.0
2024-09-17,233.0,106.0,0.0,0.0,0.0
2024-09-18,222.0,111.0,0.0,0.0,0.0
2024-09-19,217.0,111.0,0.0,0.0,0.0
2024-09-20,239.0,111.0,0.0,0.0,0.0
2024-09-21,233.0,122.0,0.0,0.0,0.0
2024-09-22,222.0,133.0,0.0,0.0,0.0
2024-09-23,200.0,133.0,0.0,0.0,0.0
2024-09-24,133.0,106.0,137.0,0.0,0.0
2024-09-25,128.0,106.0,15.0,0.0,0.0
2024-09-26,156.0,111.0,30.0,0.0,0.0
2024-09-27,189.0,133.0,5.0,0.0,0.0
2024-09-28,189.0,144.0,23.0,0.0,0.0
2024-09-29,178.0,133.0,33.0,0.0,0.0
2024-09-30,156.0,133.0,10.0,0.0,0.0
2024-10-01,189.0,117.0,0.0,0.0,0.0
2024-10-02,172.0,117.0,5.0,0.0,0.0
2024-10-03,139.0,106.0,38.0,0.0,0.0
2024-10-04,172.0,89.0,0.0,0.0,0.0
2024-10-05,200.0,83.0,5.0,0.0,0.0
2024-10-06,167.0,67.0,0.0,0.0,0.0
2024-10-07,189.0,111.0,8.0,0.0,0.0
2024-10-08,139.0,28.0,0.0,0.0,0.0
2024-10-09,144.0,28.0,0.0,0.0,0.0
2024-10-10,139.0,22.0,13.0,0.0,0.0
2024-10-11,100.0,6.0,0.0,0.0,0.0
2024-10-12,156.0,11.0,0.0,0.0,0.0
2024-10-13,167.0,56.0,79.0,0.0,0.0
2024-10-14,150.0,78.0,229.0,0.0,0.0
2024-10-15,89.0,-11.0,5.0,0.0,0.0
2024-10-16,78.0,6.0,0.0,0.0,0.0
2024-10-17,78.0,0.0,0.0,0.0,0.0
2024-10-18,106.0,-17.0,0.0,0.0,0.0
2024-10-19,150.0,17.0,0.0,0.0,0.0
2024-10-20,172.0,28.0,0.0,0.0,0.0
2024-10-21,189.0,94.0,0.0,0.0,0.0
2024-10-22,211.0,94.0,0.0,0.0,0.0
2024-10-23,222.0,111.0,0.0,0.0,0.0
2024-10-24,206.0,72.0,5.0,0.0,0.0
2024-10-25,111.0,-6.0,0.0,0.0,0.0
2024-10-26,111.0,-17.0,0.0,0.0,0.0
2024-10-27,100.0,-17.0,0.0,0.0,0.0
2024-10-28,89.0,6.0,0.0,0.0,0.0
2024-10-29,117.0,6.0,0.0,0.0,0.0
2024-10-30,133.0,50.0,0.0,0.0,0.0
2024-10-31,194.0,83.0,0.0,0.0,0.0
2024-11-01,211.0,128.0,0.0,0.0,0.0
2024-11-02,178.0,28.0,0.0,0.0,0.0
2024-11-03,78.0,-22.0,0.0,0.0,0.0
2024-11-04,94.0,-6.0,0.0,0.0,0.0
2024-11-05,106.0,33.0,0.0,0.0,0.0
2024-11-06,178.0,72.0,0.0,0.0,0.0
2024-11-07,189.0,111.0,5.0,0.0,0.0
2024-11-08,139.0,33.0,0.0,0.0,0.0
2024-11-09,139.0,-6.0,0.0,0.0,0.0
2024-11-10,72.0,-17.0,0.0,0.0,0.0
2024-11-11,78.0,39.0,107.0,0.0,0.0
2024-11-12,100.0,28.0,8.0,0.0,0.0
2024-11-13,72.0,-44.0,0.0,0.0,0.0
2024-11-14,72.0,-61.0,0.0,0.0,0.0
2024-11-15,33.0,-6.0,8.0,0.0,0.0
2024-11-16,56.0,11.0,0.0,0.0,0.0
2024-11-17,78.0,-11.0,0.0,0.0,0.0
2024-11-18,94.0,-6.0,0.0,0.0,0.0
2024-11-19,139.0,11.0,0.0,0.0,0.0
2024-11-20,111.0,17.0,8.0,0.0,0.0
2024-11-21,117.0,0.0,109.0,0.0,0.0
2024-11-22,72.0,-17.0,165.0,178.0,178.0
2024-11-23,-6.0,-17.0,185.0,356.0,188.0
2024-11-24,50.0,-67.0,0.0,178.0,5.0
2024-11-25,78.0,-6.0,13.0,127.0,0.0
2024-11-26,61.0,-6.0,99.0,76.0,0.0
2024-11-27,78.0,-17.0,0.0,0.0,0.0
2024-11-28,28.0,-22.0,102.0,76.0,76.0
2024-11-29,6.0,-11.0,91.0,76.0,36.0
2024-11-30,-11.0,-89.0,3.0,51.0,5.0
2024-12-01,-50.0,-111.0,0.0,25.0,0.0
2024-12-02,-39.0,-100.0,0.0,25.0,0.0
2024-12-03,-33.0,-89.0,20.0,51.0,38.0
2024-12-04,-17.0,-72.0,8.0,76.0,5.0
2024-12-05,-28.0,-78.0,76.0,127.0,86.0
2024-12-06,-39.0,-78.0,15.0,152.0,18.0
2024-12-07,-50.0,-94.0,0.0,127.0,0.0
2024-12-08,6.0,-67.0,0.0,102.0,0.0
2024-12-09,56.0,0.0,0.0,76.0,0.0
2024-12-10,61.0,22.0,64.0,0.0,0.0
2024-12-11,78.0,44.0,58.0,0.0,0.0
2024-12-12,83.0,-44.0,409.0,25.0,18.0
2024-12-13,-44.0,-111.0,0.0,25.0,0.0
2024-12-14,-67.0,-139.0,0.0,25.0,0.0
2024-12-15,-33.0,-133.0,0.0,0.0,0.0
2024-12-16,-6.0,-61.0,46.0,51.0,51.0
2024-12-17,28.0,-6.0,38.0,0.0,0.0
2024-12-18,67.0,-17.0,0.0,0.0,0.0
2024-12-19,44.0,-17.0,64.0,0.0,13.0
2024-12-20,-17.0,-44.0,0.0,0.0,0.0
2024-12-21,-17.0,-89.0,71.0,102.0,97.0
2024-12-22,-83.0,-156.0,0.0,102.0,0.0
2024-12-23,-122.0,-194.0,0.0,102.0,0.0
2024-12-24,-67.0,-183.0,13.0,102.0,15.0
2024-12-25,-17.0,-72.0,0.0,76.0,0.0
2024-12-26,-33.0,-83.0,0.0,76.0,0.0
2024-12-27,-28.0,-78.0,0.0,76.0,0.0
2024-12-28,22.0,-67.0,8.0,51.0,0.0
2024-12-29,78.0,22.0,15.0,0.0,0.0
2024-12-30,122.0,56.0,89.0,0.0,0.0
2024-12-31,56.0,0.0,0.0,0.0,0.0
2025-01-01,61.0,-17.0,66.0,0.0,0.0
2025-01-02,17.0,-33.0,36.0,25.0,25.0
2025-01-03,-22.0,-61.0,0.0,25.0,0.0
2025-01-04,-50.0,-83.0,10.0,25.0,10.0
2025-01-05,-72.0,-89.0,0.0,25.0,0.0
2025-01-06,-61.0,-89.0,0.0,25.0,0.0
2025-01-07,-67.0,-128.0,38.0,102.0,109.0
2025-01-08,-61.0,-117.0,0.0,102.0,0.0
2025-01-09,-83.0,-128.0,0.0,76.0,0.0
2025-01-10,-61.0,-133.0,0.0,76.0,0.0
2025-01-11,-61.0,-122.0,18.0,76.0,20.0
2025-01-12,-50.0,-89.0,0.0,76.0,0.0
2025-01-13,-11.0,-56.0,0.0,76.0,0.0
2025-01-14,0.0,-100.0,0.0,76.0,0.0
2025-01-15,-67.0,-128.0,0.0,76.0,0.0
2025-01-16,-67.0,-128.0,0.0,76.0,0.0
2025-01-17,-67.0,-128.0,18.0,76.0,18.0
2025-01-18,-28.0,-67.0,0.0,76.0,0.0
2025-01-19,-11.0,-67.0,10.0,76.0,10.0
2025-01-20,-67.0,-167.0,41.0,127.0,71.0
2025-01-21,-111.0,-200.0,0.0,127.0,0.0
2025-01-22,-139.0,-211.0,0.0,127.0,0.0
2025-01-23,-122.0,-228.0,0.0,127.0,0.0
2025-01-24,-78.0,-161.0,0.0,102.0,0.0
2025-01-25,-61.0,-133.0,0.0,102.0,0.0
2025-01-26,-33.0,-139.0,0.0,102.0,0.0
2025-01-27,-6.0,-106.0,0.0,102.0,0.0
2025-01-28,-11.0,-100.0,0.0,76.0,0.0
2025-01-29,-6.0,-56.0,3.0,51.0,3.0
2025-01-30,-6.0,-94.0,0.0,51.0,0.0
2025-01-31,6.0,-111.0,0.0,25.0,0.0
2025-02-01,17.0,-61.0,109.0,25.0,0.0
2025-02-02,-61.0,-156.0,0.0,25.0,0.0
2025-02-03,-39.0,-128.0,20.0,25.0,25.0
2025-02-04,39.0,-39.0,0.0,0.0,0.0
2025-02-05,-6.0,-94.0,0.0,0.0,0.0
2025-02-06,-44.0,-100.0,13.0,0.0,0.0
2025-02-07,6.0,-67.0,15.0,0.0,0.0
2025-02-08,-17.0,-117.0,0.0,0.0,0.0
2025-02-09,-44.0,-111.0,61.0,51.0,36.0
2025-02-10,-22.0,-67.0,0.0,51.0,0.0
2025-02-11,-33.0,-100.0,0.0,51.0,0.0
2025-02-12,-50.0,-94.0,0.0,51.0,0.0
2025-02-13,-6.0,-94.0,48.0,51.0,20.0
2025-02-14,11.0,-78.0,53.0,51.0,0.0
2025-02-15,-50.0,-100.0,0.0,51.0,0.0
2025-02-16,0.0,-67.0,135.0,51.0,64.0
2025-02-17,0.0,-94.0,91.0,76.0,8.0
2025-02-18,-61.0,-150.0,0.0,76.0,0.0
2025-02-19,-100.0,-161.0,0.0,76.0,0.0
2025-02-20,-78.0,-161.0,0.0,76.0,0.0
2025-02-21,-100.0,-122.0,38.0,127.0,76.0
2025-02-22,-50.0,-128.0,0.0,102.0,0.0
2025-02-23,-11.0,-117.0,0.0,76.0,0.0
2025-02-24,17.0,-61.0,0.0,76.0,0.0
2025-02-25,50.0,-39.0,0.0,51.0,0.0
2025-02-26,61.0,-17.0,10.0,25.0,0.0
2025-02-27,67.0,-22.0,53.0,0.0,0.0
2025-02-28,44.0,-11.0,38.0,0.0,0.0
2025-03-01,50.0,-11.0,0.0,0.0,0.0
2025-03-02,61.0,-128.0,0.0,0.0,0.0
2025-03-03,-39.0,-122.0,0.0,0.0,0.0
2025-03-04,6.0,-117.0,0.0,0.0,0.0
2025-03-05,100.0,-22.0,0.0,0.0,0.0
2025-03-06,106.0,0.0,404.0,0.0,0.0
2025-03-07,17.0,-50.0,0.0,0.0,0.0
2025-03-08,44.0,-56.0,0.0,0.0,0.0
2025-03-09,6.0,-72.0,0.0,0.0,0.0
2025-03-10,67.0,-56.0,0.0,0.0,0.0
2025-03-11,133.0,0.0,0.0,0.0,0.0
2025-03-12,178.0,-28.0,0.0,0.0,0.0
2025-03-13,44.0,-44.0,0.0,0.0,0.0
2025-03-14,106.0,-11.0,0.0,0.0,0.0
2025-03-15,139.0,-6.0,0.0,0.0,0.0
2025-03-16,106.0,22.0,0.0,0.0,0.0
2025-03-17,167.0,56.0,302.0,0.0,0.0
2025-03-18,56.0,-61.0,0.0,0.0,0.0
2025-03-19,111.0,-56.0,0.0,0.0,0.0
2025-03-20,183.0,56.0,0.0,0.0,0.0
2025-03-21,150.0,-33.0,20.0,0.0,0.0
2025-03-22,56.0,-44.0,0.0,0.0,0.0
2025-03-23,100.0,-83.0,5.0,0.0,0.0
2025-03-24,33.0,-83.0,0.0,0.0,0.0
2025-03-25,111.0,0.0,0.0,0.0,0.0
2025-03-26,83.0,-39.0,0.0,0.0,0.0
2025-03-27,6.0,-61.0,3.0,0.0,5.0
2025-03-28,67.0,-67.0,0.0,0.0,0.0
2025-03-29,106.0,22.0,5.0,0.0,0.0
2025-03-30,211.0,100.0,5.0,0.0,0.0
2025-03-31,206.0,100.0,0.0,0.0,0.0
2025-04-01,183.0,-22.0,13.0,0.0,0.0
2025-04-02,56.0,-44.0,0.0,0.0,0.0
2025-04-03,61.0,-44.0,36.0,0.0,0.0
2025-04-04,194.0,50.0,5.0,0.0,0.0
2025-04-05,133.0,61.0,0.0,0.0,0.0
2025-04-06,83.0,50.0,198.0,0.0,0.0
2025-04-07,56.0,-33.0,46.0,0.0,5.0
2025-04-08,22.0,-61.0,0.0,0.0,0.0
2025-04-09,6.0,-78.0,0.0,0.0,0.0
2025-04-10,44.0,-78.0,0.0,0.0,0.0
2025-04-11,22.0,-6.0,53.0,0.0,0.0
2025-04-12,44.0,-6.0,51.0,0.0,3.0
2025-04-13,33.0,-6.0,66.0,0.0,0.0
2025-04-14,111.0,11.0,0.0,0.0,0.0
2025-04-15,150.0,22.0,0.0,0.0,0.0
2025-04-16,122.0,0.0,13.0,0.0,0.0
2025-04-17,28.0,-17.0,0.0,0.0,0.0
2025-04-18,128.0,-22.0,0.0,0.0,0.0
2025-04-19,183.0,61.0,0.0,0.0,0.0
2025-04-20,261.0,61.0,20.0,0.0,0.0
2025-04-21,128.0,33.0,0.0,0.0,0.0
2025-04-22,128.0,72.0,13.0,0.0,0.0
2025-04-23,189.0,56.0,0.0,0.0,0.0
2025-04-24,206.0,44.0,0.0,0.0,0.0
2025-04-25,239.0,100.0,0.0,0.0,0.0
2025-04-26,200.0,122.0,368.0,0.0,0.0
2025-04-27,183.0,22.0,147.0,0.0,0.0
2025-04-28,144.0,33.0,0.0,0.0,0.0
2025-04-29,194.0,33.0,0.0,0.0,0.0
2025-04-30,244.0,106.0,43.0,0.0,0.0
2025-05-01,167.0,56.0,0.0,0.0,0.0
2025-05-02,228.0,56.0,51.0,0.0,0.0
2025-05-03,222.0,106.0,71.0,0.0,0.0
2025-05-04,183.0,111.0,43.0,0.0,0.0
2025-05-05,167.0,117.0,46.0,0.0,0.0
2025-05-06,178.0,128.0,119.0,0.0,0.0
2025-05-07,128.0,72.0,249.0,0.0,0.0
2025-05-08,189.0,67.0,3.0,0.0,0.0
2025-05-09,167.0,33.0,104.0,0.0,0.0
2025-05-10,61.0,17.0,213.0,0.0,0.0
2025-05-11,194.0,61.0,0.0,0.0,0.0
2025-05-12,178.0,61.0,0.0,0.0,0.0
2025-05-13,228.0,122.0,8.0,0.0,0.0
2025-05-14,167.0,122.0,132.0,0.0,0.0
2025-05-15,150.0,117.0,61.0,0.0,0.0
2025-05-16,217.0,133.0,0.0,0.0,0.0
2025-05-17,222.0,144.0,216.0,0.0,0.0
2025-05-18,233.0,83.0,33.0,0.0,0.0
2025-05-19,150.0,72.0,10.0,0.0,0.0
2025-05-20,156.0,22.0,0.0,0.0,0.0
2025-05-21,144.0,17.0,13.0,0.0,0.0
2025-05-22,72.0,44.0,147.0,0.0,0.0
2025-05-23,89.0,50.0,114.0,0.0,0.0
2025-05-24,128.0,44.0,20.0,0.0,0.0
2025-05-25,128.0,44.0,5.0,0.0,0.0
2025-05-26,156.0,33.0,0.0,0.0,0.0
2025-05-27,178.0,44.0,0.0,0.0,0.0
2025-05-28,183.0,72.0,0.0,0.0,0.0
2025-05-29,139.0,89.0,61.0,0.0,0.0
2025-05-30,183.0,83.0,5.0,0.0,0.0
2025-05-31,200.0,94.0,315.0,0.0,0.0
2025-06-01,122.0,44.0,10.0,0.0,0.0
2025-06-02,144.0,33.0,0.0,0.0,0.0
2025-06-03,189.0,33.0,0.0,0.0,0.0
2025-06-04,222.0,83.0,0.0,0.0,0.0
2025-06-05,278.0,144.0,0.0,0.0,0.0
2025-06-06,278.0,156.0,0.0,0.0,0.0
2025-06-07,217.0,156.0,206.0,0.0,0.0
2025-06-08,217.0,117.0,0.0,0.0,0.0
2025-06-09,211.0,111.0,213.0,0.0,0.0
2025-06-10,222.0,133.0,112.0,0.0,0.0
2025-06-11,217.0,111.0,23.0,0.0,0.0
2025-06-12,228.0,128.0,0.0,0.0,0.0
2025-06-13,261.0,133.0,0.0,0.0,0.0
2025-06-14,217.0,133.0,81.0,0.0,0.0
2025-06-15,167.0,128.0,56.0,0.0,0.0
2025-06-16,167.0,128.0,13.0,0.0,0.0
2025-06-17,167.0,133.0,53.0,0.0,0.0
2025-06-18,183.0,144.0,46.0,0.0,0.0
2025-06-19,239.0,172.0,150.0,0.0,0.0
2025-06-20,256.0,122.0,84.0,0.0,0.0
2025-06-21,233.0,122.0,0.0,0.0,0.0
2025-06-22,261.0,144.0,0.0,0.0,0.0
2025-06-23,306.0,200.0,0.0,0.0,0.0
2025-06-24,328.0,200.0,0.0,0.0,0.0
2025-06-25,328.0,200.0,0.0,0.0,0.0
2025-06-26,300.0,189.0,23.0,0.0,0.0
2025-06-27,272.0,144.0,41.0,0.0,0.0
2025-06-28,156.0,139.0,0.0,0.0,0.0
2025-06-29,244.0,156.0,48.0,0.0,0.0
2025-06-30,278.0,161.0,0.0,0.0,0.0
2025-07-01,278.0,161.0,274.0,0.0,0.0
2025-07-02,256.0,167.0,8.0,0.0,0.0
2025-07-03,267.0,150.0,0.0,0.0,0.0
2025-07-04,256.0,111.0,0.0,0.0,0.0
2025-07-05,233.0,122.0,0.0,0.0,0.0
2025-07-06,261.0,133.0,0.0,0.0,0.0
2025-07-07,272.0,189.0,0.0,0.0,0.0
2025-07-08,289.0,183.0,48.0,0.0,0.0
2025-07-09,267.0,172.0,76.0,0.0,0.0
2025-07-10,244.0,161.0,0.0,0.0,0.0
2025-07-11,261.0,161.0,0.0,0.0,0.0
2025-07-12,283.0,178.0,8.0,0.0,0.0
2025-07-13,272.0,194.0,0.0,0.0,0.0
2025-07-14,233.0,189.0,597.0,0.0,0.0
2025-07-15,261.0,161.0,127.0,0.0,0.0
2025-07-16,267.0,161.0,15.0,0.0,0.0
2025-07-17,272.0,183.0,5.0,0.0,0.0
2025-07-18,278.0,156.0,0.0,0.0,0.0
2025-07-19,222.0,144.0,0.0,0.0,0.0
2025-07-20,222.0,167.0,0.0,0.0,0.0
2025-07-21,261.0,139.0,142.0,0.0,0.0
2025-07-22,222.0,106.0,0.0,0.0,0.0
2025-07-23,233.0,106.0,0.0,0.0,0.0
2025-07-24,250.0,156.0,0.0,0.0,0.0
2025-07-25,272.0,178.0,0.0,0.0,0.0
2025-07-26,294.0,172.0,18.0,0.0,0.0
2025-07-27,250.0,183.0,15.0,0.0,0.0
2025-07-28,272.0,183.0,64.0,0.0,0.0
2025-07-29,294.0,183.0,0.0,0.0,0.0
2025-07-30,306.0,183.0,0.0,0.0,0.0
2025-07-31,289.0,178.0,41.0,0.0,0.0
2025-08-01,189.0,117.0,18.0,0.0,0.0
2025-08-02,211.0,83.0,0.0,0.0,0.0
2025-08-03,211.0,100.0,0.0,0.0,0.0
2025-08-04,244.0,100.0,0.0,0.0,0.0
2025-08-05,256.0,122.0,0.0,0.0,0.0
2025-08-06,267.0,139.0,0.0,0.0,0.0
2025-08-07,222.0,122.0,0.0,0.0,0.0
2025-08-08,239.0,122.0,0.0,0.0,0.0
2025-08-09,244.0,122.0,0.0,0.0,0.0
2025-08-10,261.0,133.0,0.0,0.0,0.0
2025-08-11,267.0,133.0,0.0,0.0,0.0
2025-08-12,267.0,133.0,0.0,0.0,0.0
2025-08-13,300.0,172.0,0.0,0.0,0.0
2025-08-14,283.0,189.0,152.0,0.0,0.0
2025-08-15,278.0,172.0,0.0,0.0,0.0
2025-08-16,267.0,172.0,0.0,0.0,0.0
2025-08-17,272.0,183.0,0.0,0.0,0.0
2025-08-18,267.0,133.0,112.0,0.0,0.0
2025-08-19,233.0,128.0,0.0,0.0,0.0
2025-08-20,217.0,133.0,0.0,0.0,0.0
2025-08-21,172.0,122.0,56.0,0.0,0.0
2025-08-22,183.0,111.0,0.0,0.0,0.0
2025-08-23,244.0,106.0,0.0,0.0,0.0
2025-08-24,233.0,150.0,0.0,0.0,0.0
2025-08-25,194.0,122.0,206.0,0.0,0.0
2025-08-26,217.0,83.0,0.0,0.0,0.0
2025-08-27,183.0,67.0,104.0,0.0,0.0
2025-08-28,183.0,72.0,0.0,0.0,0.0
2025-08-29,194.0,72.0,5.0,0.0,0.0
2025-08-30,178.0,44.0,0.0,0.0,0.0
2025-08-31,178.0,44.0,0.0,0.0,0.0
2025-09-01,200.0,83.0,0.0,0.0,0.0
2025-09-02,217.0,89.0,0.0,0.0,0.0
2025-09-03,206.0,89.0,0.0,0.0,0.0
2025-09-04,222.0,111.0,0.0,0.0,0.0
2025-09-05,228.0,111.0,18.0,0.0,0.0
2025-09-06,233.0,111.0,13.0,0.0,0.0
2025-09-07,172.0,89.0,58.0,0.0,0.0
2025-09-08,183.0,50.0,0.0,0.0,0.0
2025-09-09,178.0,44.0,0.0,0.0,0.0
2025-09-10,194.0,50.0,0.0,0.0,0.0
2025-09-11,211.0,61.0,0.0,0.0,0.0
2025-09-12,217.0,89.0,0.0,0.0,0.0
2025-09-13,222.0,94.0,0.0,0.0,0.0
2025-09-14,244.0,111.0,0.0,0.0,0.0
2025-09-15,233.0,111.0,0.0,0.0,0.0
2025-09-16,233.0,106.0,0.0,0.0,0.0
2025-09-17,222.0,100.0,0.0,0.0,0.0
2025-09-18,222.0,106.0,0.0,0.0,0.0
2025-09-19,256.0,117.0,0.0,0.0,0.0
2025-09-20,222.0,61.0,0.0,0.0,0.0
2025-09-21,222.0,61.0,0.0,0.0,0.0
2025-09-22,178.0,111.0,0.0,0.0,0.0
2025-09-23,189.0,128.0,43.0,0.0,0.0
2025-09-24,189.0,156.0,33.0,0.0,0.0
2025-09-25,200.0,161.0,41.0,0.0,0.0
2025-09-26,189.0,128.0,295.0,0.0,0.0
2025-09-27,217.0,111.0,0.0,0.0,0.0
2025-09-28,228.0,122.0,0.0,0.0,0.0
2025-09-29,256.0,100.0,0.0,0.0,0.0
2025-09-30,239.0,89.0,0.0,0.0,0.0
2025-10-01,222.0,61.0,0.0,0.0,0.0
2025-10-02,167.0,39.0,0.0,0.0,0.0
2025-10-03,172.0,39.0,0.0,0.0,0.0
2025-10-04,189.0,78.0,0.0,0.0,0.0
2025-10-05,239.0,100.0,0.0,0.0,0.0
2025-10-06,239.0,111.0,0.0,0.0,0.0
2025-10-07,233.0,111.0,0.0,0.0,0.0
2025-10-08,206.0,111.0,396.0,0.0,0.0
2025-10-09,150.0,33.0,0.0,0.0,0.0
2025-10-10,94.0,0.0,0.0,0.0,0.0
2025-10-11,128.0,6.0,0.0,0.0,0.0
2025-10-12,144.0,67.0,320.0,0.0,0.0
2025-10-13,161.0,78.0,23.0,0.0,0.0
2025-10-14,78.0,72.0,170.0,0.0,0.0
2025-10-15,106.0,72.0,0.0,0.0,0.0
2025-10-16,117.0,11.0,0.0,0.0,0.0
2025-10-17,94.0,11.0,0.0,0.0,0.0
2025-10-18,117.0,11.0,0.0,0.0,0.0
2025-10-19,167.0,61.0,0.0,0.0,0.0
2025-10-20,183.0,83.0,127.0,0.0,0.0
2025-10-21,89.0,33.0,102.0,0.0,0.0
2025-10-22,139.0,22.0,20.0,0.0,0.0
2025-10-23,89.0,44.0,5.0,0.0,0.0
2025-10-24,72.0,0.0,8.0,0.0,0.0
2025-10-25,89.0,0.0,20.0,0.0,0.0
2025-10-26,78.0,11.0,0.0,0.0,0.0
2025-10-27,94.0,-17.0,0.0,0.0,0.0
2025-10-28,89.0,-22.0,0.0,0.0,0.0
2025-10-29,83.0,-22.0,0.0,0.0,0.0
2025-10-30,89.0,0.0,180.0,0.0,0.0
2025-10-31,117.0,44.0,282.0,0.0,0.0
2025-11-01,61.0,39.0,8.0,0.0,0.0
2025-11-02,83.0,0.0,0.0,0.0,0.0
2025-11-03,111.0,6.0,0.0,0.0,0.0
2025-11-04,111.0,28.0,0.0,0.0,0.0
2025-11-05,111.0,28.0,0.0,0.0,0.0
2025-11-06,111.0,17.0,5.0,0.0,0.0
2025-11-07,56.0,-17.0,0.0,0.0,0.0
2025-11-08,94.0,6.0,58.0,0.0,0.0
2025-11-09,100.0,22.0,10.0,0.0,0.0
2025-11-10,117.0,-11.0,25.0,0.0,0.0
2025-11-11,-6.0,-61.0,18.0,25.0,30.0
2025-11-12,-17.0,-61.0,23.0,76.0,51.0
2025-11-13,28.0,-28.0,3.0,0.0,0.0
2025-11-14,39.0,-11.0,0.0,0.0,0.0
2025-11-15,61.0,-17.0,0.0,0.0,0.0
2025-11-16,89.0,-17.0,41.0,0.0,0.0
2025-11-17,56.0,-33.0,3.0,0.0,0.0
2025-11-18,-11.0,-33.0,0.0,0.0,0.0
2025-11-19,33.0,-11.0,15.0,25.0,15.0
2025-11-20,39.0,-39.0,0.0,0.0,0.0
2025-11-21,50.0,-39.0,0.0,0.0,0.0
2025-11-22,44.0,6.0,46.0,0.0,0.0
2025-11-23,44.0,-33.0,3.0,0.0,0.0
2025-11-24,44.0,-11.0,0.0,0.0,0.0
2025-11-25,61.0,11.0,0.0,0.0,0.0
2025-11-26,72.0,39.0,69.0,0.0,0.0
2025-11-27,100.0,-17.0,33.0,0.0,0.0
2025-11-28,-11.0,-44.0,0.0,0.0,0.0
2025-11-29,-11.0,-44.0,0.0,0.0,0.0
2025-11-30,-11.0,-50.0,0.0,0.0,0.0
2025-12-01,-11.0,-39.0,10.0,0.0,10.0
2025-12-02,-22.0,-78.0,0.0,0.0,0.0
2025-12-03,-17.0,-67.0,104.0,127.0,127.0
2025-12-04,-33.0,-83.0,0.0,102.0,0.0
2025-12-05,-50.0,-161.0,5.0,102.0,0.0
2025-12-06,-78.0,-161.0,0.0,102.0,0.0
2025-12-07,-17.0,-78.0,0.0,102.0,0.0
2025-12-08,-22.0,-89.0,0.0,102.0,0.0
2025-12-09,-89.0,-167.0,0.0,102.0,0.0
2025-12-10,-50.0,-161.0,0.0,102.0,0.0
2025-12-11,-17.0,-78.0,64.0,127.0,58.0
2025-12-12,-56.0,-122.0,25.0,152.0,41.0
2025-12-13,-44.0,-122.0,0.0,152.0,0.0
2025-12-14,-44.0,-106.0,30.0,178.0,46.0
2025-12-15,-106.0,-133.0,0.0,152.0,0.0
2025-12-16,-78.0,-133.0,0.0,152.0,0.0
2025-12-17,-28.0,-128.0,0.0,152.0,0.0
2025-12-18,61.0,-39.0,0.0,76.0,0.0
2025-12-19,94.0,-28.0,168.0,25.0,0.0
2025-12-20,94.0,-83.0,183.0,0.0,0.0
2025-12-21,-6.0,-78.0,0.0,0.0,0.0
2025-12-22,-6.0,-117.0,0.0,0.0,0.0
2025-12-23,-11.0,-122.0,18.0,0.0,8.0
2025-12-24,22.0,-33.0,53.0,25.0,33.0
2025-12-25,17.0,-22.0,0.0,25.0,0.0
2025-12-26,33.0,-117.0,0.0,25.0,0.0
2025-12-27,-28.0,-117.0,107.0,25.0,13.0
2025-12-28,-44.0,-89.0,0.0,25.0,0.0
2025-12-29,22.0,-83.0,48.0,0.0,0.0
2025-12-30,39.0,-83.0,23.0,0.0,0.0
2025-12-31,-67.0,-106.0,10.0,0.0,13.0
2026-01-01,-56.0,-133.0,84.0,102.0,94.0
2026-01-02,-106.0,-144.0,10.0,76.0,10.0
2026-01-03,-89.0,-128.0,15.0,102.0,25.0
2026-01-04,-67.0,-111.0,8.0,127.0,18.0
2026-01-05,-61.0,-111.0,0.0,102.0,0.0
2026-01-06,-17.0,-83.0,0.0,102.0,0.0
2026-01-07,39.0,-17.0,3.0,51.0,0.0
2026-01-08,33.0,0.0,0.0,51.0,0.0
2026-01-09,61.0,0.0,0.0,0.0,0.0
2026-01-10,56.0,-17.0,25.0,0.0,0.0
2026-01-11,39.0,-28.0,53.0,0.0,0.0
2026-01-12,-11.0,-72.0,20.0,25.0,20.0
2026-01-13,-17.0,-72.0,0.0,0.0,0.0
2026-01-14,33.0,-72.0,0.0,0.0,0.0
2026-01-15,44.0,-61.0,117.0,0.0,0.0
2026-01-16,-61.0,-122.0,0.0,0.0,0.0
2026-01-17,-56.0,-111.0,10.0,0.0,10.0
2026-01-18,-22.0,-56.0,38.0,51.0,64.0
2026-01-19,-44.0,-133.0,3.0,51.0,3.0
2026-01-20,-67.0,-189.0,5.0,51.0,5.0
2026-01-21,-117.0,-189.0,0.0,51.0,0.0
2026-01-22,-28.0,-150.0,3.0,25.0,5.0
2026-01-23,11.0,-94.0,0.0,25.0,0.0
2026-01-24,-61.0,-206.0,0.0,25.0,0.0
2026-01-25,-139.0,-206.0,43.0,76.0,64.0
2026-01-26,-117.0,-161.0,224.0,254.0,226.0
2026-01-27,-106.0,-172.0,0.0,254.0,0.0
2026-01-28,-133.0,-183.0,0.0,229.0,0.0
2026-01-29,-128.0,-189.0,0.0,229.0,0.0
2026-01-30,-111.0,-206.0,0.0,203.0,0.0
2026-01-31,-133.0,-206.0,0.0,203.0,0.0
2026-02-01,-122.0,-172.0,0.0,203.0,0.0
2026-02-02,-106.0,-167.0,0.0,203.0,0.0
2026-02-03,-44.0,-156.0,0.0,178.0,0.0
2026-02-04,-56.0,-122.0,0.0,178.0,0.0
2026-02-05,-44.0,-156.0,0.0,152.0,0.0
2026-02-06,-50.0,-156.0,0.0,127.0,0.0
2026-02-07,-72.0,-200.0,30.0,152.0,30.0
2026-02-08,-183.0,-211.0,0.0,127.0,0.0
2026-02-09,-156.0,-206.0,0.0,127.0,0.0
2026-02-10,-56.0,-189.0,0.0,127.0,0.0
2026-02-11,0.0,-67.0,0.0,127.0,0.0
2026-02-12,-11.0,-72.0,0.0,127.0,0.0
2026-02-13,-50.0,-133.0,0.0,127.0,0.0
2026-02-14,-28.0,-128.0,0.0,102.0,0.0
2026-02-15,39.0,-44.0,0.0,76.0,0.0
2026-02-16,56.0,-28.0,30.0,102.0,23.0
2026-02-17,6.0,-17.0,0.0,76.0,0.0
2026-02-18,50.0,-11.0,13.0,76.0,0.0
2026-02-19,44.0,0.0,56.0,51.0,0.0
2026-02-20,17.0,-6.0,20.0,51.0,0.0
2026-02-21,28.0,-17.0,46.0,25.0,0.0
2026-02-22,6.0,-33.0,10.0,25.0,13.0
2026-02-23,0.0,-50.0,137.0,102.0,102.0
2026-02-24,-39.0,-122.0,13.0,102.0,10.0
2026-02-25,-50.0,-122.0,3.0,76.0,5.0
2026-02-26,17.0,-61.0,0.0,51.0,0.0
2026-02-27,11.0,-67.0,0.0,51.0,0.0
2026-02-28,50.0,-28.0,0.0,25.0,0.0
2026-03-01,100.0,-78.0,5.0,25.0,10.0
2026-03-02,-28.0,-128.0,0.0,0.0,0.0
2026-03-03,-22.0,-128.0,0.0,0.0,0.0
2026-03-04,6.0,-39.0,74.0,0.0,0.0
2026-03-05,83.0,6.0,64.0,0.0,0.0
2026-03-06,56.0,11.0,140.0,0.0,0.0
2026-03-07,39.0,11.0,0.0,0.0,0.0
2026-03-08,83.0,17.0,36.0,0.0,0.0
2026-03-09,139.0,56.0,0.0,0.0,0.0
2026-03-10,167.0,67.0,0.0,0.0,0.0
2026-03-11,200.0,117.0,0.0,0.0,0.0
2026-03-12,156.0,0.0,124.0,0.0,0.0
2026-03-13,0.0,-72.0,0.0,0.0,0.0
2026-03-14,22.0,-61.0,46.0,25.0,48.0
2026-03-15,28.0,-33.0,0.0,0.0,0.0
2026-03-16,100.0,-22.0,23.0,0.0,0.0
2026-03-17,150.0,-89.0,279.0,51.0,51.0
2026-03-18,-44.0,-122.0,0.0,51.0,0.0
2026-03-19,-39.0,-122.0,0.0,25.0,0.0
2026-03-20,39.0,-39.0,0.0,0.0,0.0
2026-03-21,89.0,0.0,112.0,0.0,0.0
2026-03-22,56.0,-17.0,0.0,0.0,0.0
2026-03-23,161.0,-22.0,160.0,0.0,0.0
2026-03-24,-22.0,-78.0,0.0,0.0,0.0
2026-03-25,33.0,-67.0,0.0,0.0,0.0
2026-03-26,94.0,-28.0,0.0,0.0,0.0
2026-03-27,194.0,-11.0,155.0,0.0,0.0
2026-03-28,6.0,-94.0,0.0,0.0,0.0
2026-03-29,11.0,-78.0,0.0,0.0,0.0
2026-03-30,94.0,-22.0,0.0,0.0,0.0
2026-03-31,172.0,50.0,5.0,0.0,0.0
2026-04-01,211.0,117.0,127.0,0.0,0.0
2026-04-02,150.0,17.0,330.0,0.0,0.0
2026-04-03,67.0,28.0,25.0,0.0,0.0
2026-04-04,144.0,39.0,30.0,0.0,0.0
2026-04-05,217.0,39.0,229.0,0.0,0.0
2026-04-06,83.0,-17.0,51.0,0.0,0.0
2026-04-07,44.0,-11.0,5.0,0.0,3.0
2026-04-08,6.0,-89.0,0.0,0.0,0.0
2026-04-09,78.0,-61.0,0.0,0.0,0.0
2026-04-10,128.0,11.0,0.0,0.0,0.0
2026-04-11,189.0,22.0,53.0,0.0,0.0
2026-04-12,111.0,-17.0,0.0,0.0,0.0
2026-04-13,150.0,11.0,0.0,0.0,0.0
2026-04-14,233.0,106.0,20.0,0.0,0.0
2026-04-15,217.0,122.0,48.0,0.0,0.0
2026-04-16,261.0,144.0,79.0,0.0,0.0
2026-04-17,267.0,117.0,30.0,0.0,0.0
2026-04-18,194.0,100.0,5.0,0.0,0.0
2026-04-19,206.0,28.0,236.0,0.0,0.0
2026-04-20,56.0,-22.0,69.0,0.0,0.0
2026-04-21,17.0,-22.0,0.0,0.0,0.0
2026-04-22,89.0,-17.0,8.0,0.0,0.0
2026-04-23,183.0,44.0,0.0,0.0,0.0
2026-04-24,189.0,67.0,0.0,0.0,0.0
2026-04-25,172.0,39.0,102.0,0.0,0.0
2026-04-26,44.0,17.0,104.0,0.0,0.0
2026-04-27,133.0,22.0,0.0,0.0,0.0
2026-04-28,194.0,67.0,0.0,0.0,0.0
2026-04-29,117.0,72.0,0.0,0.0,0.0
2026-04-30,100.0,50.0,142.0,0.0,0.0
2026-05-01,106.0,-6.0,0.0,0.0,0.0
2026-05-02,111.0,0.0,48.0,0.0,0.0
2026-05-03,72.0,-11.0,0.0,0.0,0.0
2026-05-04,111.0,6.0,0.0,0.0,0.0
2026-05-05,189.0,78.0,0.0,0.0,0.0
2026-05-06,222.0,100.0,69.0,0.0,0.0
2026-05-07,122.0,11.0,122.0,0.0,0.0
2026-05-08,111.0,0.0,33.0,0.0,0.0
2026-05-09,106.0,22.0,71.0,0.0,0.0
2026-05-10,100.0,67.0,109.0,0.0,0.0
2026-05-11,144.0,11.0,5.0,0.0,0.0
2026-05-12,111.0,-17.0,0.0,0.0,0.0
2026-05-13,161.0,39.0,0.0,0.0,0.0
2026-05-14,139.0,44.0,147.0,0.0,0.0
2026-05-15,72.0,33.0,13.0,0.0,0.0
2026-05-16,156.0,44.0,0.0,0.0,0.0
2026-05-17,217.0,122.0,3.0,0.0,0.0
2026-05-18,261.0,150.0,0.0,0.0,0.0
2026-05-19,289.0,167.0,23.0,0.0,0.0
2026-05-20,278.0,178.0,0.0,0.0,0.0
2026-05-21,239.0,72.0,51.0,0.0,0.0
2026-05-22,128.0,33.0,0.0,0.0,0.0
2026-05-23,139.0,50.0,81.0,0.0,0.0
2026-05-24,72.0,44.0,274.0,0.0,0.0
2026-05-25,122.0,61.0,41.0,0.0,0.0
2026-05-26,217.0,83.0,0.0,0.0,0.0
2026-05-27,239.0,139.0,0.0,0.0,0.0
2026-05-28,256.0,100.0,0.0,0.0,0.0
2026-05-29,172.0,56.0,0.0,0.0,0.0
2026-05-30,222.0,61.0,0.0,0.0,0.0
2026-05-31,150.0,33.0,0.0,0.0,0.0
2026-06-01,206.0,33.0,0.0,0.0,0.0
2026-06-02,189.0,56.0,0.0,0.0,0.0
2026-06-03,200.0,72.0,0.0,0.0,0.0
2026-06-04,239.0,100.0,0.0,0.0,0.0
2026-06-05,261.0,128.0,0.0,0.0,0.0
2026-06-06,272.0,178.0,0.0,0.0,0.0
2026-06-07,206.0,144.0,94.0,0.0,0.0
2026-06-08,228.0,117.0,0.0,0.0,0.0
2026-06-09,183.0,122.0,0.0,0.0,0.0
2026-06-10,244.0,144.0,18.0,0.0,0.0
2026-06-11,222.0,167.0,10.0,0.0,0.0
2026-06-12,283.0,183.0,66.0,0.0,0.0
2026-06-13,267.0,117.0,3.0,0.0,0.0
2026-06-14,261.0,167.0,0.0,0.0,0.0
2026-06-15,222.0,94.0,178.0,0.0,0.0
2026-06-16,167.0,61.0,0.0,0.0,0.0
2026-06-17,194.0,117.0,0.0,0.0,0.0
2026-06-18,217.0,128.0,10.0,0.0,0.0
2026-06-19,250.0,122.0,5.0,0.0,0.0
2026-06-20,206.0,117.0,8.0,0.0,0.0
2026-06-21,211.0,100.0,10.0,0.0,0.0
2026-06-22,222.0,133.0,3.0,0.0,0.0
2026-06-23,178.0,122.0,140.0,0.0,0.0
2026-06-24,206.0,89.0,0.0,0.0,0.0
2026-06-25,228.0,122.0,0.0,0.0,0.0
2026-06-26,228.0,144.0,94.0,0.0,0.0
2026-06-27,222.0,150.0,3.0,0.0,0.0
2026-06-28,194.0,128.0,30.0,0.0,0.0
2026-06-29,244.0,150.0,0.0,0.0,0.0
2026-06-30,267.0,178.0,0.0,0.0,0.0
2026-07-01,311.0,211.0,0.0,0.0,0.0
2026-07-02,328.0,211.0,0.0,0.0,0.0
2026-07-03,322.0,217.0,0.0,0.0,0.0
2026-07-04,278.0,206.0,0.0,0.0,0.0
2026-07-05,267.0,172.0,145.0,0.0,0.0
2026-07-06,239.0,183.0,30.0,0.0,0.0
2026-07-07,194.0,156.0,10.0,0.0,0.0
2026-07-08,200.0,144.0,0.0,0.0,0.0
2026-07-09,250.0,172.0,0.0,0.0,0.0
2026-07-10,283.0,167.0,0.0,0.0,0.0
2026-07-11,244.0,178.0,0.0,0.0,0.0
2026-07-12,267.0,144.0,0.0,0.0,0.0
2026-07-13,250.0,167.0,0.0,0.0,0.0
2026-07-14,261.0,178.0,0.0,0.0,0.0
2026-07-15,311.0,194.0,0.0,0.0,0.0
2026-07-16,306.0,172.0,8.0,0.0,0.0
2026-07-17,272.0,133.0,0.0,0.0,0.0
2026-07-18,278.0,172.0,0.0,0.0,0.0
2026-07-19,222.0,144.0,46.0,0.0,0.0
2026-07-20,217.0,89.0,0.0,0.0,0.0
2026-07-21,233.0,150.0,0.0,0.0,0.0
2026-07-22,228.0,167.0,18.0,0.0,0.0
2026-07-23,222.0,83.0,3.0,0.0,0.0
2026-07-24,222.0,100.0,0.0,0.0,0.0
2026-07-25,239.0,117.0,0.0,0.0,0.0
2026-07-26,250.0,150.0,0.0,0.0,0.0
2026-07-27,256.0,139.0,152.0,0.0,0.0
2026-07-28,272.0,156.0,102.0,0.0,0.0
2026-07-29,200.0,161.0,51.0,0.0,0.0
2026-07-30,217.0,150.0,46.0,0.0,0.0
2026-07-31,233.0,133.0,20.0,0.0,0.0
2026-08-01,272.0,161.0,0.0,0.0,0.0
2026-08-02,267.0,189.0,53.0,0.0,0.0
2026-08-03,206.0,178.0,572.0,0.0,0.0
2026-08-04,228.0,117.0,0.0,0.0,0.0
2026-08-05,261.0,150.0,0.0,0.0,0.0
2026-08-06,267.0,183.0,0.0,0.0,0.0
2026-08-07,272.0,189.0,0.0,0.0,0.0
2026-08-08,278.0,183.0,58.0,0.0,0.0
2026-08-09,256.0,183.0,0.0,0.0,0.0
2026-08-10,267.0,167.0,0.0,0.0,0.0
2026-08-11,217.0,183.0,94.0,0.0,0.0
2026-08-12,244.0,133.0,155.0,0.0,0.0
2026-08-13,244.0,167.0,0.0,0.0,0.0
2026-08-14,256.0,133.0,0.0,0.0,0.0
2026-08-15,267.0,122.0,0.0,0.0,0.0
2026-08-16,244.0,150.0,0.0,0.0,0.0
2026-08-17,200.0,167.0,79.0,0.0,0.0
2026-08-18,239.0,156.0,10.0,0.0,0.0
2026-08-19,239.0,128.0,0.0,0.0,0.0
2026-08-20,239.0,161.0,0.0,0.0,0.0
2026-08-21,172.0,111.0,325.0,0.0,0.0
2026-08-22,211.0,111.0,0.0,0.0,0.0
2026-08-23,217.0,139.0,23.0,0.0,0.0
2026-08-24,211.0,106.0,8.0,0.0,0.0
2026-08-25,167.0,111.0,0.0,0.0,0.0
2026-08-26,206.0,111.0,0.0,0.0,0.0
2026-08-27,217.0,122.0,0.0,0.0,0.0
2026-08-28,244.0,139.0,229.0,0.0,0.0
2026-08-29,222.0,78.0,0.0,0.0,0.0
2026-08-30,211.0,94.0,0.0,0.0,0.0
2026-08-31,217.0,161.0,5.0,0.0,0.0
2026-09-01,194.0,167.0,64.0,,
2026-09-02,267.0,167.0,127.0,,
2026-09-03,189.0,161.0,328.0,,
2026-09-04,211.0,172.0,0.0,,
2026-09-05,239.0,139.0,0.0,,
2026-09-06,211.0,128.0,0.0,,
2026-09-07,206.0,83.0,0.0,,
2026-09-08,206.0,94.0,0.0,,
2026-09-09,233.0,122.0,0.0,,
2026-09-10,233.0,172.0,79.0,,
2026-09-11,244.0,122.0,0.0,,
2026-09-12,211.0,111.0,0.0,,
2026-09-13,206.0,150.0,104.0,,
2026-09-14,244.0,117.0,5.0,,
2026-09-15,167.0,44.0,0.0,,
2026-09-16,183.0,56.0,0.0,,
2026-09-17,244.0,139.0,30.0,,
2026-09-18,222.0,144.0,74.0,,
2026-09-19,206.0,94.0,0.0,,
2026-09-20,172.0,100.0,173.0,,
2026-09-21,172.0,89.0,56.0,,
2026-09-22,172.0,89.0,15.0,,
2026-09-23,144.0,56.0,0.0,,
2026-09-24,161.0,33.0,0.0,,
2026-09-25,156.0,28.0,0.0,,
2026-09-26,172.0,39.0,0.0,,
2026-09-27,156.0,94.0,3.0,,
2026-09-28,117.0,94.0,104.0,,
2026-09-29,144.0,111.0,20.0,,
2026-09-30,156.0,117.0,3.0,,
2026-10-01,194.0,128.0,0.0,,
2026-10-02,206.0,150.0,0.0,,
2026-10-03,211.0,61.0,5.0,,
2026-10-04,156.0,67.0,0.0,,
2026-10-05,133.0,89.0,5.0,,
2026-10-06,139.0,11.0,0.0,,
2026-10-07,111.0,17.0,0.0,,
